x,y,fx,fy
0,0,-0.119392276,0.026939616
20,0,-0.016131287,0.00064681255
40,0,-0.18190366,-0.011281853
60,0,-0.09953942,0.017359488
80,0,-0.013219634,-0.009158235
100,0,0.023340616,0.015932884
120,0,-0.054141216,0.22939633
140,0,0.034194965,0.006512972
160,0,0.019886855,0.024333661
180,0,0.0264912,-0.020924626
200,0,0.24409287,0.08234638
220,0,0.18190952,0.03444306
240,0,0.0094057955,0.06396119
260,0,0.0526718,-0.021072173
280,0,-0.16640952,0.14612563
300,0,0.007450844,0.03250049
320,0,-0.00082374923,0.016152812
340,0,-0.025397345,0.037212092
360,0,-0.01460742,-0.0030233758
380,0,-0.050175223,-0.06857249
400,0,-0.047385965,0.042041667
420,0,-0.009112102,-0.009645215
440,0,0.016317848,0.027459888
460,0,0.013442496,0.024613703
480,0,0.062178146,-0.023984518
500,0,0.062006954,-0.13772766
520,0,-0.08188294,0.0042125923
540,0,0.030081714,-0.031555913
560,0,0.016391896,0.03550032
580,0,0.051508877,0.004222918
600,0,-0.1900054,-0.07007589
620,0,-0.014206156,0.01427143
640,0,-0.051431496,0.03546438
660,0,0.040281307,0.06522326
680,0,-0.019695578,-0.0588115
700,0,0.050090425,0.13431315
720,0,-0.0513118,0.006593347
740,0,0.031134602,-0.038738154
760,0,0.011561149,0.021909097
780,0,-0.06351569,-0.027914518
800,0,-0.055591725,0.059193213
820,0,0.035460945,0.102034
840,0,-0.022090627,-0.00035531365
860,0,0.013600856,0.09347936
880,0,0.0037746863,0.094343826
900,0,0.00645014,-0.0048265215
920,0,0.082449205,-0.05147066
940,0,0.010382876,-0.026851717
960,0,0.09697495,-0.0034629807
980,0,0.13144018,0.024771517
0,20,0.10361325,-0.020668639
20,20,-0.006741761,0.007947573
40,20,-0.0007835933,-0.0068090064
60,20,0.11100583,0.046767842
80,20,0.0582941,-0.09424217
100,20,0.08588692,-0.014316038
120,20,-0.074432224,-0.06074452
140,20,0.08067831,0.00595892
160,20,0.008511313,0.06726149
180,20,0.1795776,-0.037237007
200,20,-0.036364973,-0.033045564
220,20,0.0037636755,-0.0066510853
240,20,-0.029683208,-0.009965434
260,20,-0.005985623,0.004450439
280,20,-0.10352798,-0.0056276424
300,20,-0.07518031,0.088827424
320,20,0.031810526,-0.018548742
340,20,0.0052721375,0.024945937
360,20,0.00013623259,-0.03907901
380,20,0.07803532,-0.037581258
400,20,-0.02729128,-0.015087884
420,20,-0.01183656,-0.17897649
440,20,-0.0007321699,-0.009726713
460,20,-0.024442216,-0.0021049548
480,20,0.042255726,0.07186112
500,20,0.00992726,-0.21278428
520,20,0.029179828,-0.045029644
540,20,0.0062192506,-0.088663824
560,20,-0.06000461,-0.023287209
580,20,0.017107017,0.015915534
600,20,-0.0007840697,-0.005706366
620,20,-0.09905032,-0.024699135
640,20,-0.026915478,-0.009495651
660,20,0.015131117,-0.00079542986
680,20,-0.008233727,-0.09283077
700,20,0.053988796,0.015354114
720,20,-0.03954248,0.046777606
740,20,-0.00089890516,0.10752505
760,20,0.007673119,-0.0077733425
780,20,0.028108161,-0.011570146
800,20,0.043383796,0.030455418
820,20,0.0020754056,0.0067754677
840,20,-0.0077356547,-0.027568527
860,20,-0.036596034,-0.06009263
880,20,-0.009201432,0.0065921475
900,20,0.038002294,-0.012816005
920,20,0.019677203,0.018259592
940,20,-0.015528375,0.00950204
960,20,0.05637578,-0.021356855
980,20,-0.0133918505,-0.03131992
0,40,0.024025384,0.12713435
20,40,0.028173512,-0.012409199
40,40,0.074767634,0.036753982
60,40,-0.007267686,-0.025772635
80,40,0.023401124,-0.025077246
100,40,-0.18938181,-0.19002028
120,40,-0.02854682,-0.007919701
140,40,-0.07125494,-0.021258432
160,40,0.03305195,0.031763412
180,40,-0.06487038,-0.0037783086
200,40,0.08190064,-0.0042394605
220,40,-0.04578091,-0.0602814
240,40,-0.024983894,-0.027634447
260,40,-0.020679027,-0.006297627
280,40,-0.028062243,0.006617214
300,40,-0.0067186626,0.021388166
320,40,0.006650869,-0.04500714
340,40,-0.07497634,-0.055150583
360,40,-0.05564047,0.09027024
380,40,-0.0023950029,0.0039546005
400,40,0.035709675,0.022036469
420,40,0.1052962,0.09492179
440,40,-0.04026143,0.015910922
460,40,0.018657366,0.02316146
480,40,-0.039349776,0.012898254
500,40,-0.0074368697,-0.025515744
520,40,0.02610356,0.0037515915
540,40,0.052351184,-0.019814253
560,40,-0.040732626,-0.042674687
580,40,-0.03403146,-0.038333286
600,40,0.041625187,0.044635933
620,40,0.06643058,0.0077080443
640,40,-0.014702202,-0.005010427
660,40,0.01978335,-0.020910766
680,40,0.067031726,-0.0137237385
700,40,0.05620311,0.013008472
720,40,-0.0049603106,0.016493209
740,40,0.017082734,0.019413607
760,40,-0.02439583,-0.0025093704
780,40,0.07919969,-0.088088065
800,40,0.081778556,-0.026122492
820,40,0.03580881,-0.038760025
840,40,0.028432656,0.0016241478
860,40,0.02103656,-0.105250314
880,40,-0.039920766,0.07320965
900,40,0.012533509,0.020574119
920,40,-0.038999934,0.030673368
940,40,-0.05237805,0.009892715
960,40,0.028142408,-0.028484093
980,40,-0.025560107,0.016644696
0,60,0.07894516,0.024434054
20,60,0.00036556716,0.004279387
40,60,0.013055293,-0.039205845
60,60,-0.04043387,0.023094948
80,60,-0.05723445,0.011999982
100,60,-0.10013171,-0.0045979647
120,60,0.04062099,0.073463395
140,60,0.09872998,0.09115354
160,60,0.008343095,-0.00043759795
180,60,-0.00907029,-0.027550118
200,60,0.22991905,-0.004148548
220,60,0.016429314,-0.07112513
240,60,-0.0075462395,-0.015135999
260,60,0.086148694,-0.047038797
280,60,0.013017691,-0.0517714
300,60,0.08341454,-0.049936388
320,60,-0.008373368,0.005316977
340,60,-0.016572336,0.074196495
360,60,-0.00019017121,0.035867475
380,60,0.031878803,0.0054873344
400,60,0.001632623,-0.0025012873
420,60,-0.079663426,0.028579144
440,60,0.012697302,0.06371881
460,60,-0.051098045,-0.0137624275
480,60,-0.09023444,0.02240058
500,60,-0.0056387256,0.08684017
520,60,0.027337667,-0.01888329
540,60,0.0062891385,-0.009954143
560,60,0.059717327,0.087822266
580,60,0.04093122,0.041250225
600,60,0.0022122255,0.012160165
620,60,-0.007947103,0.007183635
640,60,0.0664182,0.013616754
660,60,0.07290525,0.019432263
680,60,0.025259657,-0.025424032
700,60,-0.0067754895,-0.109525114
720,60,0.021805147,0.052348394
740,60,-0.031136211,0.0025946882
760,60,0.015306548,-0.007837433
780,60,0.013529286,-0.011916831
800,60,-0.020988626,0.0033385416
820,60,0.04025576,0.029781813
840,60,0.027273003,-0.006024072
860,60,0.009084715,-0.019081194
880,60,-0.0066569513,0.01674238
900,60,-0.023537556,-0.002882511
920,60,0.026550764,-0.0018972484
940,60,0.16423434,0.01789787
960,60,0.05220695,0.0035101282
980,60,0.04382638,0.06614786
0,80,0.109288044,0.053508226
20,80,-0.006621692,0.0013109087
40,80,0.033770632,-0.068436936
60,80,-0.04674621,0.007980267
80,80,-0.035857912,0.11081058
100,80,-0.15066135,0.021142343
120,80,0.19434245,0.20041268
140,80,0.049706418,0.093973406
160,80,-0.060539644,0.014011405
180,80,-0.13171017,-0.13286628
200,80,-0.038932975,0.014497584
220,80,0.119553976,-0.096896276
240,80,0.04540718,-0.010825941
260,80,-0.18258937,-0.04171347
280,80,-0.00043604607,0.02980047
300,80,-0.05667218,-0.084189855
320,80,0.0074231294,0.11414057
340,80,-0.0075311493,-0.007664163
360,80,-0.102876656,-0.008961262
380,80,0.025863132,-0.044335745
400,80,-0.05712237,-0.00033606435
420,80,-0.011111194,0.014352148
440,80,0.007896562,-0.028878734
460,80,0.023923725,-0.021430869
480,80,0.025408722,-0.016574662
500,80,-0.02808692,0.10997823
520,80,0.026771678,-0.0063378047
540,80,-0.030255534,-0.046497542
560,80,0.037307728,-0.036149397
580,80,-0.027121926,0.021494897
600,80,0.005452788,0.01732322
620,80,0.009156627,0.07968626
640,80,-0.009126338,0.026633013
660,80,0.048139308,-0.05091415
680,80,0.0005316201,-1.363968e-05
700,80,0.042291377,0.017487364
720,80,0.017444065,-0.085932806
740,80,0.0048534893,0.010947708
760,80,0.021732952,-0.030433001
780,80,-0.026375473,0.022819115
800,80,-0.010163471,-0.0815961
820,80,0.022790402,0.03709661
840,80,-0.0022177633,-0.0016366225
860,80,-0.006724363,-0.051782306
880,80,0.06259136,0.061269887
900,80,-0.020781126,0.017267205
920,80,-0.08154611,0.053531043
940,80,-0.0441094,-0.01678323
960,80,0.02394656,-0.028961243
980,80,0.00521675,0.015428647
0,100,0.04307003,-0.010977869
20,100,0.027287723,0.019739384
40,100,-0.00012149604,-0.0029067171
60,100,0.047369156,0.02306138
80,100,0.16075526,0.04734065
100,100,-0.010279187,0.006422911
120,100,0.043722674,-0.0062445514
140,100,-0.07168415,0.15498458
160,100,-0.006431873,-0.016599046
180,100,-0.1618567,0.0048814863
200,100,-0.007827199,-0.00043654547
220,100,-0.14498806,-0.02579227
240,100,0.042862497,-0.037884317
260,100,0.01682613,-0.0026732967
280,100,-0.05991338,0.04410672
300,100,-0.029137665,0.04130465
320,100,-0.10849516,0.02982558
340,100,-0.027889185,0.082457915
360,100,-0.041803308,0.11615344
380,100,0.03364183,-0.0034564359
400,100,-0.0088761905,0.038431454
420,100,-0.060123093,0.11654518
440,100,-0.018345669,-0.013123528
460,100,0.06649844,0.06290194
480,100,0.057867125,-0.038935155
500,100,0.00033993766,0.003568299
520,100,0.06586722,0.056029215
540,100,-0.0015473095,0.0018918896
560,100,-0.019290695,0.03706428
580,100,0.018132579,-0.066114604
600,100,0.013196884,-0.010154089
620,100,0.10502373,0.032391045
640,100,-0.014472637,0.013977899
660,100,0.012864991,-0.030712467
680,100,-0.012436688,0.01641712
700,100,-0.024889316,-0.033107955
720,100,-0.02625278,0.023599116
740,100,0.05293908,-0.013328483
760,100,0.036205575,-0.0053384732
780,100,0.091125265,0.046536732
800,100,-0.00407364,0.040136486
820,100,-0.0028216534,0.08522199
840,100,-0.14469026,-0.006713037
860,100,0.0017738821,-0.002934412
880,100,0.033843216,-0.0024478962
900,100,0.057489835,0.06174751
920,100,0.06744501,-0.0050848704
940,100,-0.07864771,0.07038878
960,100,-0.06416635,0.073214695
980,100,0.024247969,0.03267305
0,120,0.17991626,0.07338998
20,120,-0.04584186,-0.040316924
40,120,0.05793754,0.08295397
60,120,0.12188033,0.013434589
80,120,0.03790771,0.0068177124
100,120,-0.081592746,0.004088594
120,120,0.10698363,-0.004563157
140,120,0.018127793,-0.017917763
160,120,0.099237405,-0.11648144
180,120,-0.004706212,-0.08291166
200,120,-0.06466876,0.028684363
220,120,-0.0010097194,-0.0040244022
240,120,0.02150335,0.023192659
260,120,-0.006032546,0.023728713
280,120,0.009607419,-0.008763451
300,120,0.09615755,0.04735691
320,120,0.14656664,0.0139244385
340,120,0.009420856,0.033621114
360,120,-0.050107494,0.053323824
380,120,-0.063219324,0.046547603
400,120,0.021856084,0.0063517764
420,120,-0.02058802,-0.0049022073
440,120,-0.02979059,0.005121119
460,120,0.0028158051,0.0045641996
480,120,-0.010150725,-0.005298672
500,120,0.03193136,0.02722209
520,120,0.05588233,0.009808946
540,120,0.041236706,0.013400571
560,120,-0.034024585,0.02287852
580,120,-0.01769998,0.046170305
600,120,0.010995504,0.01735848
620,120,-0.02580838,0.009162837
640,120,-0.06782333,0.014335043
660,120,0.0064816233,-0.027134111
680,120,-0.025080558,0.008521693
700,120,0.0020364197,-0.00040864354
720,120,0.022363286,-0.0026032135
740,120,0.011497293,0.021902787
760,120,0.017757772,0.024832878
780,120,-0.018776147,0.06534317
800,120,-0.006349687,0.008315856
820,120,-0.013028426,-0.04456253
840,120,0.037216593,-0.011069523
860,120,0.015961722,0.012402834
880,120,0.0012967145,-0.004752555
900,120,-0.022530144,-0.059425272
920,120,0.0067367516,0.01428355
940,120,-0.0047125327,-0.048538685
960,120,0.042063836,0.013698183
980,120,0.03053802,0.025055889
0,140,-0.028757382,0.017801104
20,140,-0.0035449972,0.038693197
40,140,0.02646907,0.026718054
60,140,0.0869057,0.031236246
80,140,0.02049446,0.023255508
100,140,0.015421914,0.030103486
120,140,-0.069751106,-0.053007003
140,140,-0.0025656384,0.010255962
160,140,0.16394019,0.06603685
180,140,0.0107282605,-0.06914187
200,140,0.056503214,-0.060911585
220,140,-0.0070674433,-0.020999858
240,140,-0.04441817,0.014206307
260,140,0.014551674,0.004949924
280,140,-0.03216672,-0.007984209
300,140,-0.0037611604,0.061539054
320,140,0.013466979,-0.06768589
340,140,0.009828012,0.020376384
360,140,-0.0050321883,-0.0282795
380,140,-0.018301817,-0.050515458
400,140,-0.007184491,-0.02630164
420,140,-0.0613017,0.11688038
440,140,0.00925024,-0.0057786307
460,140,0.014467202,0.009559947
480,140,0.0035684684,-0.043480683
500,140,0.06460555,0.011003378
520,140,-0.006961853,0.0072873915
540,140,-0.0028822033,0.17958964
560,140,-0.11446211,-0.05602216
580,140,-0.0026984578,-0.011680395
600,140,0.03878371,0.019677581
620,140,0.06579973,-0.08151168
640,140,-0.035759483,0.00040652795
660,140,-0.0027759809,-0.0045320103
680,140,0.030118015,-0.0461327
700,140,-0.006675097,0.0054312777
720,140,0.049553093,-0.055295993
740,140,-0.114959285,0.08109966
760,140,-0.08251059,0.026360607
780,140,0.006375238,-0.018663678
800,140,0.058705762,0.047608893
820,140,-0.002090345,-0.07866943
840,140,0.03265495,0.0005269645
860,140,-0.025927197,-0.09937981
880,140,-0.044509184,-0.024521686
900,140,-0.025206467,-0.020247826
920,140,-0.05222205,0.01527275
940,140,0.061410632,-0.0022529757
960,140,0.039343446,-0.021130469
980,140,-0.012214713,0.046598006
0,160,-0.021771258,-0.12800516
20,160,0.012882332,0.08765473
40,160,-0.08109095,-0.02518331
60,160,0.010305088,-0.039371934
80,160,-0.048567057,0.042718504
100,160,0.009226669,0.013842001
120,160,0.052109238,0.009224862
140,160,0.032917082,-0.075639375
160,160,0.038775425,-0.011005584
180,160,0.099484324,0.06280889
200,160,-0.051565774,-0.02524936
220,160,-0.01688907,-0.1346932
240,160,-0.008083097,0.07567871
260,160,-0.02773625,0.031271193
280,160,-0.06077064,0.037293874
300,160,-0.036914237,0.043820195
320,160,-0.03378305,0.020197747
340,160,-0.021871028,0.0626623
360,160,-0.0146012455,-0.04905256
380,160,0.0023284887,-0.009054234
400,160,-0.024728462,0.008331387
420,160,0.00590534,-0.023421446
440,160,-0.05273384,0.02029277
460,160,0.10267731,-0.018890986
480,160,0.041848443,-0.030977177
500,160,0.011731012,0.015779868
520,160,0.026374739,0.093798466
540,160,-0.0026716245,0.07192512
560,160,0.024797892,0.22290291
580,160,-0.12969866,0.003373977
600,160,4.907997e-05,0.0006967166
620,160,0.046557046,0.003861683
640,160,0.0021053674,-0.0127999475
660,160,0.032236386,-0.002401269
680,160,0.048819322,-0.06410014
700,160,0.005843319,0.060842548
720,160,-0.03839477,0.04130193
740,160,0.015273232,0.00015261724
760,160,-0.0074031795,0.02754045
780,160,-0.063954435,0.108985715
800,160,-0.03764053,0.029387856
820,160,0.020321397,-0.0339863
840,160,0.03918086,-0.017962363
860,160,0.015151275,0.034808416
880,160,0.06589984,0.03261269
900,160,-0.019567046,0.040690232
920,160,0.06247666,-0.01139325
940,160,0.027666723,0.019088818
960,160,-0.06625117,-0.020277632
980,160,0.0051292516,-0.007752047
0,180,0.016130328,0.017811177
20,180,0.0126964785,-0.025013434
40,180,0.0019289319,0.10452603
60,180,0.0163369,0.056381267
80,180,-0.006051457,0.02792695
100,180,-0.03211368,0.19092226
120,180,0.06429224,-0.05183009
140,180,0.04704822,0.07327389
160,180,0.0037324608,0.16411756
180,180,0.11947232,0.01138231
200,180,0.0893523,0.16687383
220,180,0.025923602,-0.0110802045
240,180,-0.03098816,-0.01495123
260,180,0.036844738,0.016064906
280,180,0.070757695,0.006918284
300,180,0.050032753,-0.06461045
320,180,0.009242056,-0.027139744
340,180,0.034633808,0.020813933
360,180,-0.0029230355,-0.0026755338
380,180,-0.06884658,-0.025192108
400,180,-0.0011967757,-0.0057441406
420,180,-0.0068669827,0.08736549
440,180,-0.0319703,0.010947217
460,180,0.087495975,-0.0024141967
480,180,-0.003847168,-0.00014093732
500,180,0.039064683,-0.02721948
520,180,0.05782964,0.060603518
540,180,0.028039925,-0.0012703291
560,180,-0.043897446,-0.034004126
580,180,0.022576388,-0.02095557
600,180,0.07268028,-0.04554727
620,180,0.012014201,0.023952834
640,180,-0.10616708,0.048363708
660,180,0.036660742,-0.051550884
680,180,0.014829715,-0.009767675
700,180,0.011023422,-0.018810086
720,180,-0.008920585,-0.022648638
740,180,-0.011609756,-0.21364154
760,180,0.055037286,0.0058959867
780,180,0.029854676,-0.08506703
800,180,0.002296146,-0.009414506
820,180,-0.016276995,0.052233923
840,180,-0.023930622,-0.014340601
860,180,-0.050784875,0.1075897
880,180,0.012611098,0.049029876
900,180,-0.004024165,0.03925056
920,180,0.01746717,-0.00351432
940,180,0.0072643463,-0.043117367
960,180,-0.0050822357,-0.0073019885
980,180,0.005162346,0.05110135
0,200,0.009445004,0.03099075
20,200,0.034528844,-0.05283952
40,200,0.03354255,0.00023377869
60,200,0.025367972,0.09420123
80,200,-0.0312458,-0.0052839587
100,200,0.028222742,0.105212234
120,200,0.0030348864,0.0022496404
140,200,0.06904083,-0.019831939
160,200,0.11720921,-0.085631125
180,200,0.08898901,0.03560641
200,200,-0.070121035,-0.0035017093
220,200,-0.031373154,-0.022273825
240,200,-0.023825284,-0.027120745
260,200,-0.009151113,-0.0011883714
280,200,0.0044007716,0.14475529
300,200,0.04614864,-0.018587556
320,200,0.061910212,-0.027934663
340,200,0.12146449,-0.063937075
360,200,0.029224493,-0.07438304
380,200,0.012439279,-0.0006405757
400,200,0.09059998,0.058064144
420,200,-0.041759044,0.032673847
440,200,-0.017837359,0.003346101
460,200,-0.011291608,-0.08032908
480,200,0.041285377,0.0065174936
500,200,0.042628027,-0.08506376
520,200,-0.02460079,0.015895953
540,200,0.00801346,-0.015729245
560,200,-0.017685603,-0.0045060203
580,200,-0.034798536,-0.022488998
600,200,0.08564458,0.0154604325
620,200,0.06211126,-0.00013955266
640,200,-0.040544756,-0.040523
660,200,0.03437618,0.05685977
680,200,0.007940558,-0.02506472
700,200,0.00428229,0.13144197
720,200,-0.039297342,0.006284328
740,200,-0.022863038,0.05840794
760,200,0.030413892,0.03594191
780,200,0.0076203262,0.0020779574
800,200,-0.026057037,-0.026711209
820,200,-0.018982535,0.040380128
840,200,0.026126344,-0.0065533454
860,200,0.13979647,-0.06456998
880,200,0.010686671,-0.0134922555
900,200,0.00034612973,-0.043273743
920,200,-0.024951406,0.0119015975
940,200,-0.009244164,0.04320104
960,200,-0.052182876,0.06473594
980,200,-0.07236496,0.17518689
0,220,0.027682424,0.011093027
20,220,0.029049614,-0.053762674
40,220,0.030030716,-0.101499125
60,220,-0.057511207,-0.14700569
80,220,0.03927911,-0.012332588
100,220,-0.015406062,0.07941657
120,220,0.029986847,0.2008038
140,220,0.20904997,0.37308696
160,220,0.16323364,0.30371603
180,220,-0.044993937,-0.09895286
200,220,0.004807942,0.0057159145
220,220,0.025192522,0.003620293
240,220,-0.0154498955,0.0012876313
260,220,-0.035017673,0.053288903
280,220,-0.018611362,-0.071364895
300,220,0.04498774,-0.063979864
320,220,0.032399803,0.0318724
340,220,0.07566637,-0.048993833
360,220,0.00076777395,0.17146365
380,220,0.02125133,0.006199831
400,220,0.040911626,0.041402433
420,220,0.053854745,-0.046405327
440,220,0.098106846,-0.06730453
460,220,0.05554332,0.02344553
480,220,-0.00025267602,-0.00020211576
500,220,0.044815414,-0.0012684653
520,220,-0.0037763033,0.17692186
540,220,0.05571542,0.05313594
560,220,0.07459574,-0.0057205963
580,220,0.0060577462,-0.030189862
600,220,0.022153378,-0.04713723
620,220,-0.043684024,-0.006462774
640,220,-0.052512564,0.0046896446
660,220,-0.031740986,0.023123866
680,220,-0.12847844,0.019336935
700,220,0.15569016,0.03829922
720,220,-0.058689356,-0.035316937
740,220,0.0731092,-0.023880841
760,220,0.034638677,0.037911978
780,220,0.035380255,0.074167475
800,220,0.043388817,0.0029274176
820,220,0.040356886,-0.09033502
840,220,0.04666604,-0.029818034
860,220,-0.004706657,-0.0041824104
880,220,-0.03527883,-0.00608453
900,220,-0.0130735785,0.0058371495
920,220,-0.0012707075,0.0001792041
940,220,-0.052413702,-0.017499804
960,220,0.030847019,-0.011806866
980,220,0.016686471,-0.00077963946
0,240,0.037013754,-0.07993861
20,240,0.037387546,0.033171076
40,240,0.040190876,0.04714872
60,240,0.074238196,0.08303703
80,240,0.11781746,0.16076866
100,240,0.047475073,0.01411617
120,240,0.008949063,0.05306205
140,240,0.17323473,0.43045542
160,240,0.38704383,0.33701912
180,240,-0.0045616077,0.2168084
200,240,0.005851149,-0.0068756943
220,240,-0.016861135,-0.0108933095
240,240,0.054872826,-0.011196242
260,240,0.0057839714,0.0026898987
280,240,0.041721534,0.035376083
300,240,0.011039933,-0.030569416
320,240,0.013372781,0.033651814
340,240,-0.014535722,0.073607974
360,240,-0.0638861,0.0394176
380,240,-0.06660246,-0.008356409
400,240,0.082896546,0.13526787
420,240,-0.040750816,-0.00079506985
440,240,0.022442132,-0.0005367405
460,240,-0.016117766,-0.05190741
480,240,0.026190605,0.038713563
500,240,-0.040895153,0.0009874904
520,240,0.024792155,0.016235491
540,240,0.00446959,-0.0016755929
560,240,0.05791587,0.10519966
580,240,0.0064429273,-0.00032245438
600,240,-0.017346097,0.0033060363
620,240,0.017610429,-0.05454862
640,240,0.011646268,0.0038157061
660,240,0.004777194,-0.078846246
680,240,-0.0013203038,-0.032603826
700,240,0.13150664,0.04009423
720,240,-0.01905822,0.025133973
740,240,0.03509016,0.13950273
760,240,-0.01776703,0.011626096
780,240,0.05685705,0.023701096
800,240,-0.008368727,-0.017529929
820,240,-0.03187037,-0.008573589
840,240,0.0015995883,-0.0068745557
860,240,-0.13543224,0.15609461
880,240,0.015314058,0.04899211
900,240,-0.00045740113,0.0005831677
920,240,-0.03658043,-0.0144040985
940,240,0.08855319,0.06807554
960,240,0.030524274,-0.010894808
980,240,-0.023689194,-0.03406224
0,260,0.005663428,0.08465813
20,260,0.011050766,-0.08273548
40,260,0.025465395,0.086249016
60,260,0.045996413,-0.04152803
80,260,-0.013244494,0.07981909
100,260,0.18372987,-0.044155467
120,260,-0.027506044,0.035908278
140,260,0.061033294,0.19696842
160,260,0.012062283,0.058454383
180,260,0.02542631,0.03565892
200,260,-0.017664634,-0.0011512396
220,260,-0.0023932843,-0.02931456
240,260,0.063273095,0.056811992
260,260,0.014700386,-0.004518485
280,260,-0.1288788,0.13239437
300,260,0.011974894,-0.021104744
320,260,-0.028186418,0.00073874864
340,260,0.011621861,0.036569443
360,260,0.0662196,0.02219116
380,260,-0.005390939,-0.007996949
400,260,-0.022026246,-0.0148358485
420,260,-0.061032843,-0.015141805
440,260,-0.000982198,0.05139845
460,260,-0.013360203,0.0022742848
480,260,0.0018636627,-0.008964523
500,260,0.0034284608,0.011392308
520,260,0.0067010485,-0.0030170288
540,260,-0.09419939,0.0044778176
560,260,0.019427553,-0.008154521
580,260,-0.01863794,-0.0003390265
600,260,-0.025133241,-0.009950017
620,260,0.019422716,0.03161527
640,260,-0.0019774083,0.008144375
660,260,0.022930596,-0.0465215
680,260,0.049137842,-0.020445947
700,260,0.1140922,-0.074249506
720,260,0.0033191387,0.10730885
740,260,0.036392312,0.10211436
760,260,0.004474083,0.05491263
780,260,-0.0076969783,-0.035278082
800,260,-0.10011918,-0.034237016
820,260,0.020098738,-0.019306427
840,260,0.015050797,0.014703961
860,260,0.018855847,-0.037855614
880,260,0.045867093,0.00210587
900,260,0.0057684914,-0.0023728895
920,260,-0.055165157,0.009263298
940,260,0.001470772,0.07264624
960,260,-0.004589522,0.026715407
980,260,-0.03645615,0.009773152
0,280,-0.09487404,-0.018472897
20,280,0.0110713225,-0.05236047
40,280,0.013754895,0.0049346
60,280,-0.03215759,-0.048806936
80,280,0.042752597,0.00042357287
100,280,0.081809014,-0.020672334
120,280,0.017824758,-0.06127682
140,280,0.040319424,0.00421259
160,280,-0.04411898,-0.0818835
180,280,0.0037164348,0.039785713
200,280,-0.0038731445,8.0735284e-05
220,280,0.10381353,0.004243431
240,280,0.013040796,-0.023550201
260,280,-0.0011640831,0.03770582
280,280,0.014511362,-0.054451644
300,280,0.055290297,-0.10320727
320,280,0.0028014302,0.02573952
340,280,0.019355597,0.0720395
360,280,-0.025007742,0.028745959
380,280,0.03254299,-0.0473732
400,280,-0.04752683,0.03359787
420,280,0.027879538,-0.010882915
440,280,0.005712597,0.07889193
460,280,-0.0052241543,-0.015589899
480,280,-0.047036014,-0.048522048
500,280,-0.012496992,0.025946317
520,280,-0.031019121,0.022475597
540,280,-0.07799756,0.021651315
560,280,-0.0126838945,-0.035410102
580,280,-0.015746504,-0.022151327
600,280,-0.08695154,-0.014192388
620,280,-0.0048215156,-0.052279826
640,280,0.017145153,0.015062492
660,280,-0.053558297,0.026935466
680,280,0.023508534,0.023774764
700,280,-0.029498436,0.0134870345
720,280,-0.020986494,0.013293742
740,280,0.038402103,0.00027482817
760,280,-0.006905713,0.017116997
780,280,0.008710483,-0.054166436
800,280,-0.03905013,0.008619442
820,280,0.06876983,-0.00051350385
840,280,0.0040644277,0.028783532
860,280,-0.019859875,-0.020004444
880,280,-0.009995336,0.0016407255
900,280,-0.042044017,-0.008982579
920,280,0.08931024,0.044727888
940,280,0.028823975,-0.056412265
960,280,0.009847384,-0.004697737
980,280,-0.00961477,-0.0005250005
0,300,0.18167047,0.042530373
20,300,0.03847687,-0.05321902
40,300,0.022874987,0.026617724
60,300,0.10087947,0.055212688
80,300,0.11364897,0.0021151537
100,300,0.010402329,0.035621133
120,300,-0.008193146,0.009143239
140,300,0.00834362,0.008598245
160,300,-0.0140124,0.017644858
180,300,0.033222135,-0.016125783
200,300,0.029077673,0.0019453181
220,300,0.017128062,-0.063542955
240,300,-0.046300855,-0.02803604
260,300,-0.04942864,-0.08492694
280,300,-0.02955808,0.04825274
300,300,0.012489283,-0.012330142
320,300,-0.037435073,0.04088025
340,300,-0.055606715,0.05050884
360,300,-0.010371812,0.01991557
380,300,0.023463987,-0.07604728
400,300,-0.045629855,-0.007005827
420,300,0.028322456,0.023799228
440,300,0.024799472,0.05294825
460,300,-0.0094493525,0.0105702905
480,300,0.0005426813,0.0025260746
500,300,0.008461918,-0.0072464575
520,300,-0.0381186,-0.00044749104
540,300,0.013874637,-0.016080894
560,300,-0.0660476,-0.011291411
580,300,0.039564654,-0.0008204421
600,300,0.1256463,0.015408255
620,300,0.006657241,0.004382102
640,300,-0.00048135768,0.064799376
660,300,0.029509759,-0.11024365
680,300,0.011073343,0.033024117
700,300,0.006426306,-0.0019385493
720,300,0.039218448,0.015468361
740,300,-0.015924951,0.0032528732
760,300,-0.06133869,0.051215015
780,300,0.010690209,0.055460144
800,300,0.015664188,0.017281573
820,300,0.024021223,0.03792931
840,300,0.0011710363,-0.023895532
860,300,0.012876727,0.01593005
880,300,-0.0046157427,0.02589677
900,300,0.012043145,0.035596553
920,300,0.015292921,0.023728121
940,300,0.023687975,-0.019203926
960,300,-0.016139328,-0.074747294
980,300,0.011065204,-0.01826152
0,320,-0.04424673,-0.14444506
20,320,-0.04759883,-0.1372742
40,320,-0.0027868657,0.0153614795
60,320,0.12147618,0.094486326
80,320,-0.003962433,-0.0009394152
100,320,0.2075759,0.06576071
120,320,-0.032856073,-0.06553251
140,320,-0.018823313,-0.03349117
160,320,0.037596963,0.07500631
180,320,-0.01017472,-0.036373254
200,320,-0.0050435886,-0.0046922313
220,320,0.022034032,0.05482982
240,320,0.064559974,0.06686248
260,320,-0.024951411,0.03137541
280,320,-0.008744429,0.012805719
300,320,-0.021349484,-0.029880032
320,320,-0.038220473,0.0052401656
340,320,0.035092596,0.011496361
360,320,-0.0005936801,0.0089664
380,320,0.07375239,-0.043451384
400,320,0.146981,-0.0044643977
420,320,0.06951606,0.0962355
440,320,0.013676162,-0.019344758
460,320,-0.006667727,0.013206732
480,320,0.0020406912,0.003162046
500,320,-0.003066143,-0.007431974
520,320,0.008744416,-0.01665071
540,320,0.0024139516,0.0058190254
560,320,0.08375753,0.012161959
580,320,0.0456323,-0.011474309
600,320,-0.03382763,0.028567258
620,320,0.034457497,0.021671856
640,320,0.033275682,-0.0029401805
660,320,0.03621513,-0.034077372
680,320,0.0037207222,-0.052822184
700,320,0.009351835,0.1205989
720,320,0.006060829,0.10170599
740,320,0.018311068,-0.02097706
760,320,-0.047686398,-0.05242072
780,320,0.077703655,0.027002178
800,320,0.070515595,0.1905424
820,320,-0.0048941574,0.031467613
840,320,0.002349012,-0.0077509084
860,320,0.035817847,-0.0012934107
880,320,-0.07833456,0.061808903
900,320,0.0021769358,-0.001988457
920,320,-0.008798415,0.02262059
940,320,0.021034054,-0.036560733
960,320,-0.01049448,0.024429012
980,320,-0.029044146,0.014958933
0,340,0.012908311,0.0136208385
20,340,0.003882932,-0.00020299079
40,340,-0.0060831504,0.021964129
60,340,0.02113527,-0.049314015
80,340,-0.005871438,-0.17861523
100,340,-0.08869257,0.006101797
120,340,0.013533632,-0.03943299
140,340,0.050926488,-0.16672017
160,340,-0.01057012,0.06513499
180,340,-0.0706973,0.061610386
200,340,0.027051501,0.017867912
220,340,-0.0034422078,-0.015507305
240,340,0.113226615,-0.046245348
260,340,-0.02270061,0.059686374
280,340,-0.023124138,0.08168306
300,340,0.02200312,0.0099829715
320,340,0.075916864,0.045426525
340,340,-0.18323502,0.017652912
360,340,-0.0014839495,-0.007367135
380,340,0.0094333505,-0.051758304
400,340,-0.014446527,-0.000691251
420,340,0.08007791,0.05779993
440,340,-0.024995534,-0.10534848
460,340,0.03250312,-0.04493514
480,340,0.02757254,-0.017159369
500,340,0.0014565145,0.020358881
520,340,0.0002856348,-0.0143776
540,340,0.00759653,0.011238978
560,340,-0.010596965,0.012033894
580,340,0.029573206,-0.01637053
600,340,0.034540087,0.030357998
620,340,0.038799614,0.07480927
640,340,0.06142483,0.006155801
660,340,0.0061785416,0.01086467
680,340,-0.011902362,0.044020113
700,340,0.004653435,-0.0019468828
720,340,-0.069236696,0.037454754
740,340,0.10286036,0.08089037
760,340,0.014422182,0.027478434
780,340,0.09322992,0.008911936
800,340,0.08812367,0.056884114
820,340,0.0068611847,0.004007327
840,340,-0.01689964,0.059519764
860,340,0.009378178,-0.05972076
880,340,-0.02898284,-0.034987073
900,340,-0.044127516,-0.0045498
920,340,-0.004095665,0.007587896
940,340,0.01995249,0.026602352
960,340,-0.039314386,0.05494032
980,340,0.037611295,-0.0021762904
0,360,-0.010267355,-0.015581283
20,360,0.02259194,-0.0011209341
40,360,0.14835273,0.018241722
60,360,0.008995797,-0.012759804
80,360,-0.01620798,0.037276067
100,360,-0.014949276,-0.15157269
120,360,-0.059689794,0.066534646
140,360,-0.010756374,-0.074833766
160,360,0.04301788,0.049269926
180,360,0.10631992,0.0050238064
200,360,0.009694798,-0.021628732
220,360,0.08029843,0.055281594
240,360,0.23074158,-0.33161774
260,360,0.17076123,0.07404624
280,360,-0.02516019,0.081663385
300,360,0.040148955,-0.092812404
320,360,0.014199819,0.0049852002
340,360,0.032379776,0.047234736
360,360,0.033362765,0.039610364
380,360,0.03126698,-0.018793654
400,360,0.026579773,0.091470174
420,360,-0.17421345,0.08622318
440,360,0.032306902,0.016910635
460,360,0.0055087567,0.030238388
480,360,0.0022182115,0.007854641
500,360,-0.02020389,0.053411037
520,360,0.0086695235,0.021784175
540,360,-0.0019769534,0.029931506
560,360,0.009585354,0.0069223633
580,360,0.004412429,-0.050716758
600,360,-0.035413813,-0.048438143
620,360,0.039802745,0.0566695
640,360,-0.03390495,-0.016081164
660,360,0.041280348,-0.010170319
680,360,0.06693398,0.10003821
700,360,0.021420436,0.009869822
720,360,-0.011192934,0.021583522
740,360,0.017707435,0.008975505
760,360,0.049324833,-0.010865465
780,360,0.0045921397,-0.011157875
800,360,0.031463098,0.03468553
820,360,0.06024036,0.015554144
840,360,-0.0880982,0.01229404
860,360,-0.04729184,-0.017746074
880,360,-0.03184118,-0.039710864
900,360,-0.020800805,-0.030109767
920,360,-0.008857404,0.012149664
940,360,-0.0025610877,0.1272322
960,360,-0.0017810254,-0.03646546
980,360,-0.0055277483,-0.02226647
0,380,0.054102268,-0.14815846
20,380,-0.060195204,0.047767647
40,380,0.06680304,0.7232519
60,380,0.09886683,0.03531559
80,380,0.09596621,0.47238925
100,380,-0.037206184,0.03251266
120,380,-0.060766507,0.040622104
140,380,0.028834146,-0.03571406
160,380,0.16576266,0.02860065
180,380,0.08803503,-0.06985018
200,380,-0.106950775,-0.031488877
220,380,-0.092416845,0.025114864
240,380,-0.119096436,-0.056077417
260,380,-0.052148353,-0.0571953
280,380,0.002502412,0.010174015
300,380,0.018374912,-0.011072349
320,380,0.07182754,0.000505473
340,380,0.018703792,0.029515522
360,380,0.000990391,0.018510077
380,380,0.033065047,-0.030883672
400,380,-0.029683469,0.0069794944
420,380,0.044093948,0.001971051
440,380,0.026581893,-0.0030626063
460,380,-0.048700746,0.028589174
480,380,0.070993654,0.056832492
500,380,0.03881753,-0.000120938086
520,380,-0.12039947,0.08028612
540,380,-0.024696417,-0.12703937
560,380,0.06619529,-0.0047562285
580,380,0.02053627,0.03368696
600,380,0.037392292,-0.091338016
620,380,0.037808873,0.11580431
640,380,0.016500523,-0.003880099
660,380,0.058387715,0.037353884
680,380,0.031218736,-0.0035714023
700,380,0.023622794,-0.010876158
720,380,-0.0022982827,0.0030922142
740,380,-0.07323432,-0.023715956
760,380,-0.0041785208,0.010634063
780,380,0.012281076,0.005121658
800,380,0.013058766,0.04049679
820,380,0.041017413,0.019293085
840,380,0.012644939,0.049995232
860,380,-0.096328825,0.054202452
880,380,-0.0046462948,0.017855175
900,380,-0.022898203,0.016193287
920,380,0.013843935,-0.0026903772
940,380,0.076410584,-0.03402895
960,380,0.02655505,-0.01462153
980,380,-0.0020037175,-0.009485938
0,400,-0.052868545,0.035071235
20,400,-0.1603868,0.18461062
40,400,-0.04871489,0.040715225
60,400,-0.051108904,-0.003441522
80,400,0.18588348,0.83560705
100,400,0.000555391,0.03243943
120,400,-0.02151455,-0.016252348
140,400,0.10849282,0.035053547
160,400,-0.0203655,0.0072129797
180,400,0.06840042,0.060268078
200,400,0.024955308,0.018826429
220,400,-0.008116377,0.03561314
240,400,0.025115117,0.02246572
260,400,0.030506762,0.050783023
280,400,-0.031643312,-0.04184016
300,400,0.008839701,0.013648968
320,400,-0.000865623,0.030265711
340,400,-0.013487334,-0.010568503
360,400,0.026783967,-0.017218875
380,400,-0.0012957157,-0.024277143
400,400,0.0006619477,0.033446245
420,400,-0.0055812127,-0.0132682985
440,400,0.011755528,-0.0032803107
460,400,-0.034747634,-0.0071162893
480,400,0.12589303,0.006047262
500,400,0.0072196824,-0.0066689225
520,400,0.0012983468,0.0075359615
540,400,0.0078122183,-0.019590624
560,400,0.01846558,-0.020954799
580,400,0.023776079,0.05685051
600,400,0.060864493,0.015103129
620,400,0.035890743,0.01814797
640,400,0.02335113,0.018839337
660,400,-0.05028208,-0.00898451
680,400,-0.0023176936,0.009864656
700,400,0.06989039,0.032775775
720,400,0.04744343,0.039371405
740,400,0.008837479,0.019637905
760,400,0.010865453,-0.009466563
780,400,0.029589456,0.015110619
800,400,-0.041895512,0.03220044
820,400,-0.012222897,0.034254644
840,400,0.010319865,-0.01129342
860,400,-0.03454459,0.0397272
880,400,0.03312839,0.022671167
900,400,-0.008571787,-0.00029990796
920,400,0.05561135,-0.024326373
940,400,0.060185745,0.019684907
960,400,0.064969115,-0.009756848
980,400,0.0166498,0.012235906
0,420,-0.0923276,0.13125268
20,420,-0.0001532589,-0.0012218438
40,420,0.05344803,0.051631205
60,420,-0.08078317,0.116180405
80,420,0.019554356,0.020800183
100,420,0.02224825,-0.0374608
120,420,-0.17759933,0.08227078
140,420,0.0023795885,-0.0030550384
160,420,0.00462132,-0.036790106
180,420,0.0039505297,0.04385935
200,420,-0.019998383,0.019170437
220,420,0.019441443,-0.03540232
240,420,0.031541653,-0.0083041955
260,420,0.040324606,-0.02800791
280,420,0.016550012,-0.0070654256
300,420,-0.061475836,0.07357596
320,420,0.022861179,-0.017153919
340,420,0.0015222077,0.01183003
360,420,-0.05657204,0.0077161263
380,420,-0.011251113,0.005212351
400,420,0.0050434424,0.002320655
420,420,0.054925404,0.1301171
440,420,-0.012971051,0.028024683
460,420,-0.037121553,0.04328585
480,420,-0.017619472,-0.0055855745
500,420,-0.019177208,0.16359268
520,420,0.0164511,-0.010150642
540,420,-0.04211483,0.02261219
560,420,0.08416466,0.078935124
580,420,-0.041343607,-0.022876725
600,420,0.014353476,-0.0032078067
620,420,0.0090602925,0.062263962
640,420,0.043319374,0.0020107527
660,420,-0.0024442878,0.003325209
680,420,0.019567601,0.00897008
700,420,0.039679464,-0.02092408
720,420,-0.012481555,-0.0047954675
740,420,0.034163035,0.0077478318
760,420,0.0032360172,-0.030511118
780,420,0.026121391,-0.024754427
800,420,-0.01073884,-0.0025101807
820,420,-0.115913555,0.084586166
840,420,0.017709719,0.013321568
860,420,-0.02987234,-0.116740085
880,420,-0.029657323,-0.023806287
900,420,-0.003958668,-0.0059495396
920,420,0.021629844,0.0040992848
940,420,-0.009873287,0.021957891
960,420,-0.06470708,0.016623154
980,420,0.02406573,0.0016619329
0,440,-0.036908858,0.21097825
20,440,-0.07887157,0.036427245
40,440,-0.017646173,-0.056236207
60,440,-0.051468793,-0.01273603
80,440,0.011568792,0.0071107694
100,440,0.07441628,-0.026465392
120,440,-0.01184581,0.0786677
140,440,0.038107567,0.08397814
160,440,0.046877917,-0.07830509
180,440,-0.14143783,-0.045950733
200,440,-1.25482375e-05,-0.049333606
220,440,0.044755507,0.0243343
240,440,0.11527282,0.036575783
260,440,0.0708199,-0.0027388385
280,440,0.017112724,0.17446342
300,440,-0.0010326095,0.0049964082
320,440,0.014315168,-0.05010182
340,440,0.01217056,-0.05186524
360,440,-0.08858613,0.026839273
380,440,0.056970324,0.09692589
400,440,0.015852353,-0.039522387
420,440,0.036777712,0.053368326
440,440,-0.00024508036,0.0074716075
460,440,-0.0016373533,-0.018255774
480,440,0.04588806,0.03334875
500,440,-0.020827524,-0.003780835
520,440,-0.061772443,-0.03631929
540,440,0.0007250518,-0.006450133
560,440,-0.044037953,0.0063713086
580,440,-0.022631306,0.029804239
600,440,0.07601875,-0.020730995
620,440,0.02103493,0.008343257
640,440,-0.01520962,-0.0008545571
660,440,0.008406488,0.013249924
680,440,-0.06881471,0.07415573
700,440,0.03660979,-0.05010635
720,440,0.03935884,0.0035712442
740,440,0.047994874,0.007124668
760,440,-0.021768758,-0.03543691
780,440,0.0059381006,0.0037568156
800,440,-0.04488481,-0.0013389608
820,440,0.10289213,0.04049266
840,440,0.010951459,-0.02263595
860,440,0.008973803,0.015315125
880,440,-0.017353188,-0.007659148
900,440,-0.039407104,0.11289191
920,440,-0.07725147,-0.018052772
940,440,0.0030199278,0.009176713
960,440,-0.004764376,-0.0049905377
980,440,0.025461297,-0.025796173
0,460,-0.09699528,0.024811342
20,460,0.08850474,-0.005852944
40,460,-0.010094298,-0.005665397
60,460,-0.005794187,-0.007104077
80,460,0.029251518,0.035174016
100,460,-0.11022606,-0.014454531
120,460,0.008405628,0.011540292
140,460,0.02423791,0.0133342575
160,460,0.018789435,-0.014416089
180,460,-0.013626424,0.009532564
200,460,-0.0028223349,-0.022385104
220,460,0.009168344,0.06277923
240,460,0.014373359,-0.019525973
260,460,-0.016863275,-0.007011633
280,460,-0.03938032,0.023591768
300,460,0.050705284,0.005938103
320,460,-0.023308279,0.011797407
340,460,-0.013355511,0.04605783
360,460,-0.0020800168,-0.019255714
380,460,-0.0034911465,-0.08399185
400,460,-0.00882909,-0.016663037
420,460,0.12998194,0.11004217
440,460,0.07761599,0.0331357
460,460,0.032868803,0.0056672273
480,460,0.005223515,-0.052660733
500,460,0.018237716,0.005972261
520,460,0.09662696,0.087410405
540,460,0.06362135,0.18327992
560,460,0.033780325,0.115945965
580,460,0.011706139,-0.07510129
600,460,0.036658052,-0.003781633
620,460,-0.084118195,0.032796178
640,460,0.00879346,0.04351508
660,460,0.021534752,-0.00401724
680,460,0.02238513,0.009637213
700,460,-0.049625702,-0.016398855
720,460,0.0010090952,0.045167334
740,460,-0.036403097,0.0017828539
760,460,-0.032340903,0.030193418
780,460,0.0034673593,-0.0067616752
800,460,-0.0048546093,0.040982418
820,460,0.0035738503,-0.05443888
840,460,-0.020883553,-0.104226455
860,460,0.024984954,0.06537546
880,460,-0.043171845,-0.0069465614
900,460,0.012752913,0.001978706
920,460,0.05521894,0.029074907
940,460,-0.051601823,0.005767702
960,460,-0.016035017,-0.09593816
980,460,0.016978333,-0.020218398
0,480,0.101784684,0.118050106
20,480,0.0022952498,0.04362013
40,480,0.07438051,0.031871427
60,480,0.16267726,-0.0027148766
80,480,0.10670801,-0.0009697802
100,480,-0.006859635,0.055930793
120,480,-0.049816515,-0.0044554756
140,480,-0.06726358,-0.0071609686
160,480,-0.044951886,-0.020153178
180,480,-0.015884696,0.0030799424
200,480,0.064355865,0.0054605203
220,480,0.011351883,0.029652307
240,480,0.031121645,0.007220342
260,480,0.04569566,0.052816913
280,480,-0.03038595,-0.023474656
300,480,0.111613326,0.08428576
320,480,-0.0095322095,-0.0049641677
340,480,-0.062883504,0.020900032
360,480,-0.032740988,0.018299239
380,480,-0.04163995,-0.052664146
400,480,-0.0011242152,0.0014318811
420,480,0.028379664,0.045103885
440,480,0.0009880726,0.0032660293
460,480,-0.11674083,0.016120885
480,480,-0.08949925,0.015131572
500,480,-0.0047526387,-0.009957348
520,480,0.17752624,0.10046994
540,480,-0.0022740092,-0.0051049227
560,480,0.007680773,-0.021656672
580,480,0.019171648,0.003001587
600,480,0.016593777,0.030087229
620,480,0.014923405,-0.0024515295
640,480,-0.060715165,-0.019669566
660,480,0.04371293,0.020806931
680,480,-0.050295245,-0.03370569
700,480,-0.079992905,0.043505404
720,480,-0.016450161,0.013589171
740,480,-0.019192936,-0.05671318
760,480,0.1505388,0.063084915
780,480,-0.013792324,-0.0003858621
800,480,0.041555252,-0.01187453
820,480,-0.0045846133,-0.0019538326
840,480,-0.016682435,0.0038832845
860,480,0.015874276,0.0007985786
880,480,-0.009696279,0.014855601
900,480,0.081979975,0.0014768948
920,480,-0.0010144247,-0.015051269
940,480,0.024819465,0.024346517
960,480,-0.017124008,0.062447414
980,480,0.00824329,0.02204263
0,500,0.023252795,-0.020597784
20,500,-0.045273107,0.094866745
40,500,0.16614474,-0.08849301
60,500,-0.04392075,0.10662212
80,500,-0.050534967,0.030772159
100,500,0.013252637,0.06291078
120,500,-0.0015956401,0.028948557
140,500,0.07601228,0.015900636
160,500,-0.06887991,-0.033065517
180,500,0.22005397,-0.030806724
200,500,-0.020627627,0.034022685
220,500,0.11563088,0.0677392
240,500,0.022737112,0.028908756
260,500,0.035379134,0.02592824
280,500,0.004674286,-0.008391436
300,500,-0.038251005,-0.12432926
320,500,-0.08878925,-0.05322186
340,500,0.041044105,-0.029583218
360,500,0.04495871,-0.023261141
380,500,-0.029519426,-0.010154151
400,500,0.032772616,0.022693217
420,500,0.01203551,0.0015989741
440,500,-0.016409108,-0.02262953
460,500,-0.013735625,0.050202526
480,500,0.0001929955,0.004918871
500,500,-0.042996928,0.059577264
520,500,-0.089462735,0.16104211
540,500,0.035238005,-0.07846886
560,500,-0.023732167,0.08395802
580,500,0.22271174,0.17484446
600,500,-0.016591677,-0.04001864
620,500,0.00253637,-0.002959218
640,500,-0.0076410407,0.07539058
660,500,0.010032254,-0.034723923
680,500,0.08169275,-0.1002774
700,500,-0.03015653,0.010490073
720,500,0.019497236,0.02831496
740,500,0.055678345,0.012324881
760,500,0.029435804,0.023606809
780,500,0.029608034,-0.01191313
800,500,-0.015305511,-0.057006076
820,500,-0.005620205,0.03289217
840,500,-0.04660631,-0.04631795
860,500,-0.0026648713,0.020524964
880,500,0.019015128,0.013983742
900,500,-0.0067197345,0.0074694194
920,500,0.029105507,-0.05628184
940,500,-0.01594997,-0.06780595
960,500,-0.11267806,0.04713851
980,500,-0.06081561,0.00039407337
0,520,0.15204985,-0.029262347
20,520,0.051900737,-0.027977841
40,520,0.03527267,0.025664007
60,520,-0.024646692,0.039988108
80,520,-0.003802114,-0.036868066
100,520,-0.076080516,0.006561851
120,520,-0.033652484,-0.0054434533
140,520,-0.045618534,-0.0095965965
160,520,-0.028365593,0.017700605
180,520,0.0020872832,-0.22410041
200,520,0.025370158,-0.07008142
220,520,0.028027223,0.009382328
240,520,0.05667541,0.03341393
260,520,-0.0038402188,-0.054821067
280,520,0.0073969164,-0.002364994
300,520,0.02079525,-0.0810327
320,520,-0.02573337,0.016130151
340,520,0.008291016,0.0306197
360,520,-0.023576668,-0.02197459
380,520,-0.057568032,0.011051134
400,520,0.013571039,-0.01446348
420,520,-0.0027317042,0.0004029772
440,520,0.016796699,-0.013940314
460,520,-0.04700693,-0.058160566
480,520,-0.009524395,-0.010171008
500,520,-0.10624247,-0.013641621
520,520,-0.094431706,0.097454965
540,520,0.024231458,0.023213746
560,520,-0.0030121843,-0.008592439
580,520,0.026086213,0.010075182
600,520,0.001299895,-0.002061687
620,520,0.051373605,0.039990608
640,520,0.04185176,-0.01769625
660,520,0.00954961,-0.0012029146
680,520,0.03586737,-0.036082774
700,520,-0.016502574,-0.008354507
720,520,-0.02060756,0.026162913
740,520,-0.011865792,0.07509946
760,520,-0.0029352945,-0.0077141207
780,520,-0.012125485,-0.022529291
800,520,0.0172911,0.023087494
820,520,0.029644616,0.09872447
840,520,-0.049688857,0.035669178
860,520,-0.049663518,0.0027630238
880,520,-0.04304636,0.056794796
900,520,0.025650194,0.05242066
920,520,0.07186534,0.054656364
940,520,0.03220326,-0.0076173297
960,520,0.016560212,0.038835544
980,520,-0.024812954,-0.05155037
0,540,0.084520146,0.1294537
20,540,-0.015000514,0.059593666
40,540,-0.0016693813,0.011703766
60,540,-0.025653966,0.009277014
80,540,-0.0048561343,-0.008837046
100,540,0.05916211,-0.020484228
120,540,0.055531416,0.096674815
140,540,0.007308858,0.012780351
160,540,-0.042228583,0.04863134
180,540,0.094877884,0.041493043
200,540,0.037274107,0.061927695
220,540,0.15404335,-0.05751106
240,540,-0.03723912,0.05065792
260,540,0.016440194,-0.02355477
280,540,-0.13596213,0.010113903
300,540,0.013399474,0.036562942
320,540,0.027416268,-0.04134923
340,540,-0.026158215,0.012735166
360,540,-0.018967329,0.024772055
380,540,0.03990224,0.0027897314
400,540,-0.09101742,-0.0038370928
420,540,0.030285807,0.0020929296
440,540,0.03557045,-0.013334935
460,540,0.038566902,0.0037559103
480,540,0.04365847,0.036883872
500,540,-0.013863117,0.06481576
520,540,0.031607818,-0.053496864
540,540,-0.017518368,-0.004241361
560,540,-0.013232263,-0.032226417
580,540,-0.16339183,-0.12808418
600,540,-0.022939434,0.05745412
620,540,-0.07151574,-0.009137462
640,540,-0.009793043,0.04066368
660,540,0.015917007,-0.010598694
680,540,0.037060816,-0.015250228
700,540,-0.009813715,0.003809242
720,540,-0.0028556809,-0.045585502
740,540,0.004716956,-0.031123698
760,540,0.06643193,-0.04774656
780,540,-0.024197515,0.009018519
800,540,0.033047266,-0.041435968
820,540,0.012157756,-0.08551923
840,540,-0.00986166,0.044807225
860,540,-0.006619449,-0.032439563
880,540,-0.023084762,0.07217744
900,540,-0.010517348,0.0049279416
920,540,0.006594916,0.063380316
940,540,0.078205414,0.002826458
960,540,-0.00029391926,-0.10063713
980,540,-0.03245144,-0.017786067
0,560,0.039696272,0.026582614
20,560,0.07804407,-0.042536873
40,560,-0.051534116,0.031575475
60,560,-0.0053764894,0.0017460985
80,560,-0.1455636,-0.027139554
100,560,-0.11544675,-0.0742465
120,560,0.037164666,-0.06092198
140,560,0.05352341,0.101650864
160,560,-0.036937047,0.026479756
180,560,-0.004934385,-0.0048687854
200,560,0.0053673233,0.181773
220,560,0.20659585,-0.038201887
240,560,0.031439226,-0.06200324
260,560,-0.023988586,-0.0017396264
280,560,0.015052973,0.006666194
300,560,-0.02618347,-0.043785542
320,560,-0.014590621,0.0014038649
340,560,0.080924265,-0.04623218
360,560,-0.011158493,0.0033137416
380,560,0.037663016,0.025124496
400,560,0.002443608,0.0007748695
420,560,-0.06887395,-0.012143614
440,560,-0.07052411,0.110972784
460,560,0.018982539,0.027236
480,560,-0.08030191,0.0077023357
500,560,-0.066434264,0.032505475
520,560,0.08913434,-0.031635802
540,560,-0.014553466,0.033265732
560,560,-0.008092955,0.013531579
580,560,0.056683112,0.12248719
600,560,-0.012754743,-0.016611075
620,560,0.022170676,-0.02458295
640,560,0.024160001,-0.0070915213
660,560,0.036037065,-0.046958048
680,560,-0.08286184,0.023278935
700,560,0.0335033,0.032115847
720,560,-0.0068823625,0.050246067
740,560,0.017828176,0.0006318188
760,560,-0.12737729,0.04830876
780,560,0.07152618,-0.0202892
800,560,0.021930255,0.050798513
820,560,-0.05028997,0.015161824
840,560,-0.013163053,0.009842937
860,560,-0.025680223,0.05658046
880,560,0.038290877,0.03773789
900,560,-0.012916223,-0.040993206
920,560,0.044015747,-0.008051857
940,560,-0.011225327,0.016998779
960,560,-0.008819075,0.004167759
980,560,-0.057765484,0.0425735
0,580,-0.07489527,-0.043112222
20,580,0.03005866,0.017840395
40,580,0.01021234,-0.0024027212
60,580,-0.01951274,0.09114002
80,580,0.085807726,-0.08597481
100,580,0.018897405,-0.022486068
120,580,-0.012026751,0.03856438
140,580,-0.064427145,-0.011815676
160,580,-0.016426936,-0.013615666
180,580,0.03174588,-0.03499578
200,580,-0.0252383,-0.030585723
220,580,-0.095846675,0.04347143
240,580,-0.010356137,-0.024406161
260,580,-0.0029615143,0.028323118
280,580,-0.023891889,0.0068928557
300,580,0.020159977,-0.026622696
320,580,0.026658049,0.04944943
340,580,-0.0053694313,-0.0035729834
360,580,-0.011591888,-0.00810467
380,580,-0.028610757,0.008083786
400,580,0.07943016,0.00024484703
420,580,-0.00022858132,0.12613744
440,580,-0.102833584,0.068560496
460,580,-0.026039852,0.01890108
480,580,-0.007912109,0.08224114
500,580,-0.01332377,-0.008122973
520,580,-0.12421644,0.023493938
540,580,0.006885269,-0.0014023965
560,580,-0.119244695,-0.04746509
580,580,0.018960953,-0.018173134
600,580,0.0523324,0.021171102
620,580,-0.030694481,0.03190547
640,580,0.07048486,0.005169983
660,580,0.0454299,0.026399601
680,580,-0.008524107,-0.0058124424
700,580,-0.0044422653,-0.0022373844
720,580,0.012549907,-0.016827166
740,580,-0.03244006,-0.023969626
760,580,0.0088887,-0.029862903
780,580,0.13104106,0.014324976
800,580,0.0128501,0.06773218
820,580,-0.002749338,0.01287793
840,580,0.01918477,0.013983157
860,580,0.0238675,0.020277442
880,580,-0.009836161,0.04085139
900,580,-0.0013956116,-0.04630782
920,580,-0.008213463,0.23056433
940,580,0.0040027443,0.038018025
960,580,-0.003506573,-0.004750486
980,580,0.0011748988,0.028053425
0,600,0.01811218,-0.05466136
20,600,0.0619407,-0.06354211
40,600,0.04427367,0.05032369
60,600,-0.018599037,0.07562968
80,600,0.06566424,0.06697478
100,600,0.017283313,-0.0063856877
120,600,0.025550643,0.008532004
140,600,0.011115737,0.0025987346
160,600,-0.037552375,0.055656254
180,600,0.011657681,-0.06405453
200,600,-0.00022304905,0.006803872
220,600,0.038232036,0.12442774
240,600,0.046323225,0.019392058
260,600,0.0035254974,-0.015036702
280,600,0.009600435,-0.016246116
300,600,0.06735231,-0.020414358
320,600,-0.0022760343,0.033332456
340,600,0.0195404,-0.07963602
360,600,0.012159707,-0.020637186
380,600,-0.0035092602,-0.01257538
400,600,-0.010397322,-0.010521486
420,600,0.006574035,-0.054206878
440,600,-0.054656185,0.051692847
460,600,-0.0350847,-0.00047141223
480,600,-0.05024357,0.024122618
500,600,-0.062225953,0.007925641
520,600,-0.21673153,0.055119753
540,600,-0.11398151,0.07071201
560,600,0.07685883,0.051276725
580,600,0.27769506,0.029464377
600,600,-0.025948262,-0.049424402
620,600,-0.030202208,-0.09593301
640,600,0.025016394,0.033503328
660,600,0.07300893,0.0046606762
680,600,0.07197175,-0.04486479
700,600,0.007533814,0.026629727
720,600,-0.16732599,-0.09032114
740,600,-0.075670466,-0.02614432
760,600,-0.007099333,0.0022214383
780,600,0.024067046,0.08989546
800,600,0.12732786,-0.0053706146
820,600,0.0015719285,-0.08211517
840,600,0.030758776,-0.010674491
860,600,-0.024632348,0.023117008
880,600,0.013279177,-0.01728559
900,600,0.014990539,-0.10817279
920,600,0.07611861,-0.0130072115
940,600,-0.10113961,0.0768296
960,600,-0.0020390856,-0.028921224
980,600,0.03447329,-0.05905029
0,620,0.047767766,-0.030101322
20,620,-0.094512925,-0.019325495
40,620,0.018008444,-0.060205176
60,620,-0.068594486,-0.08785238
80,620,0.0030264056,-0.052892707
100,620,-0.02298228,-0.021993142
120,620,-0.04138735,-0.0073464033
140,620,-0.0881686,-0.0034809741
160,620,0.03115456,0.026285207
180,620,-0.027959453,0.06661753
200,620,0.051566005,0.0028746652
220,620,-0.031723842,0.032801818
240,620,0.01839253,0.008073669
260,620,0.12582098,0.05364483
280,620,-0.15848872,0.03769733
300,620,0.011140065,-0.099664874
320,620,0.069400236,-0.045996405
340,620,0.017854609,-0.050097294
360,620,-0.033494405,0.04307096
380,620,0.02406669,0.037354987
400,620,-0.024317328,-0.060057864
420,620,-0.05148827,0.01786229
440,620,-0.024486702,0.017438002
460,620,-0.048953343,0.012923767
480,620,0.027425382,0.008537673
500,620,-0.06782571,0.13804132
520,620,0.030185398,0.12142204
540,620,0.063159235,0.010461118
560,620,0.0481189,-0.008366657
580,620,-0.025418581,-0.0011162796
600,620,-0.0028981678,0.007543243
620,620,0.01736325,0.062278762
640,620,0.02386668,0.0779985
660,620,0.0852107,0.02199856
680,620,0.044904284,0.05512185
700,620,0.06986388,-0.013400254
720,620,-0.019701846,-0.036902923
740,620,0.04470609,0.04640953
760,620,-0.014734646,0.04189128
780,620,-0.011726589,0.08668673
800,620,0.20883998,0.0065551912
820,620,0.06090599,-0.015215108
840,620,0.08811575,0.07823095
860,620,-0.10922016,0.067215614
880,620,0.008520089,0.0075944457
900,620,0.0129776085,-0.036710545
920,620,-0.038239554,0.08282645
940,620,-0.124719195,0.0612167
960,620,0.02226961,-0.006132677
980,620,-0.019553844,-0.062289644
0,640,-0.00087214477,-0.013283891
20,640,0.007841631,-0.024384798
40,640,-0.048650976,0.015079442
60,640,0.016453577,0.03534059
80,640,0.01421842,-0.064622775
100,640,-0.0020898061,-0.0063575073
120,640,0.006814458,-0.013729621
140,640,0.018905558,0.022606745
160,640,-0.050961263,0.0150976
180,640,-0.012969243,-0.015145722
200,640,0.18053526,0.04699634
220,640,0.0075692576,0.19537307
240,640,0.019800425,0.11105523
260,640,-0.06976166,0.003273155
280,640,-0.023357382,-0.02465374
300,640,-0.007408051,-0.0882813
320,640,-0.02336294,-0.08434526
340,640,0.021696165,-0.09164303
360,640,0.07554748,-0.02753167
380,640,0.006756281,-0.07361331
400,640,-0.05572057,-0.055151436
420,640,0.08440789,0.007819496
440,640,-0.036179543,0.0396338
460,640,0.18765326,-0.045623384
480,640,-0.0135657275,0.063505456
500,640,0.027732832,-0.074213386
520,640,-0.098153226,-0.06752067
540,640,0.0014156307,-0.00507841
560,640,-0.015131511,-0.006216846
580,640,0.0006385178,0.001089308
600,640,0.14306949,0.13388926
620,640,0.44037732,0.17831494
640,640,0.010246902,-0.0001826868
660,640,-0.0051705195,-0.004976718
680,640,-0.026257344,0.02529246
700,640,0.0098252455,-0.0025153046
720,640,0.0028317359,0.0041389274
740,640,0.00881361,0.013445679
760,640,0.04361385,0.14907828
780,640,-0.06485929,0.07547266
800,640,-0.0005062803,-0.00011241969
820,640,-0.011374146,-0.0019419851
840,640,0.031374358,-0.06376832
860,640,-0.0017841527,-0.013379495
880,640,0.00920567,0.07155182
900,640,0.02580179,0.022275457
920,640,0.011133471,-0.045215603
940,640,0.046895634,0.013925255
960,640,-0.045919385,0.012329315
980,640,-0.004306172,-0.018124131
0,660,-0.119868085,-0.026469992
20,660,-0.0064371754,0.17664672
40,660,-0.007294616,-0.06979644
60,660,0.12833261,-0.0067212866
80,660,0.08830019,0.00038478937
100,660,-0.067923754,-0.2289117
120,660,-0.020380294,-0.0004936333
140,660,-0.0061773765,0.07073026
160,660,0.14017908,0.007628146
180,660,-0.016377216,-0.007420354
200,660,-0.12661938,-0.005240407
220,660,0.10680442,0.045767214
240,660,0.0029985541,0.037603848
260,660,-0.032147255,0.0035948008
280,660,0.07319634,0.011933839
300,660,-0.026324423,-0.06452945
320,660,-0.018357916,-0.041513734
340,660,0.013988457,-0.0064387
360,660,0.035235178,0.11946221
380,660,0.03472471,-0.05923828
400,660,0.0901254,-0.13527742
420,660,-0.004553496,0.058029197
440,660,0.13904244,0.04161775
460,660,0.013566063,-0.25190827
480,660,-0.006922367,0.004556577
500,660,0.0194858,-0.022784313
520,660,-0.0073714354,-0.01435296
540,660,0.03635541,0.025642365
560,660,-0.0017254583,-0.04877387
580,660,0.0058384547,-0.037295427
600,660,-0.00024498272,0.0010154031
620,660,-2.4494873e-05,-9.263152e-06
640,660,-2.599398e-05,-2.1536478e-05
660,660,0.010357278,0.00021663822
680,660,0.009017247,0.003052648
700,660,0.05115243,0.0027297987
720,660,-0.025023237,0.14141287
740,660,-0.08581273,0.0074319337
760,660,0.009452281,-0.026563864
780,660,0.020706128,0.05120282
800,660,0.018290618,0.06662162
820,660,-0.020408673,-0.002869759
840,660,0.04507919,0.06926607
860,660,0.018184863,0.0051699844
880,660,0.02520898,0.041976865
900,660,0.049926095,0.04453435
920,660,0.0379381,0.0016573552
940,660,0.03653922,0.05578408
960,660,-0.094593324,0.0025784862
980,660,-0.083096005,0.027545435
0,680,0.001091057,-0.058748152
20,680,-0.023935612,0.016591353
40,680,-0.1550039,0.019675251
60,680,-0.022062577,-0.04570534
80,680,-0.033742946,-0.025477381
100,680,-0.03911597,0.05875653
120,680,0.044004112,-0.14759073
140,680,-0.05791841,0.01920133
160,680,0.013792796,-0.0075316397
180,680,-0.03117235,-0.04956611
200,680,0.033659995,0.050700672
220,680,-4.5591725e-05,0.022428012
240,680,0.053016275,-0.055973377
260,680,0.08094264,0.06724166
280,680,0.011810968,-0.0043422156
300,680,0.024652293,-0.06053221
320,680,0.03894565,0.003942457
340,680,0.0035784862,-0.008509527
360,680,0.026698539,0.05940215
380,680,0.039877772,-0.04418358
400,680,-0.051146813,-0.032400962
420,680,0.007410945,-0.0057676155
440,680,-0.080662094,-0.114053525
460,680,-0.039972916,-0.17179784
480,680,0.008514527,-0.002639072
500,680,-0.012202373,-0.0013581257
520,680,0.11730684,-0.017223671
540,680,-0.045410115,0.17542031
560,680,0.023074262,0.036621887
580,680,0.07423069,0.12499508
600,680,-0.00016246022,-3.0367162e-05
620,680,-2.5674996e-07,-1.6212557e-07
640,680,0.00036140662,-0.00022833141
660,680,0.017883567,-0.013332619
680,680,0.0005623546,0.0043762545
700,680,0.009806998,-0.01339903
720,680,0.0037189329,-0.00091121014
740,680,0.08849288,0.15436795
760,680,-0.01194231,-0.03511809
780,680,0.029695634,0.021237897
800,680,-0.00074574474,-0.04427535
820,680,0.00085752836,0.02502453
840,680,0.00044563416,0.0029063788
860,680,-0.001552442,0.008514328
880,680,-0.020647919,0.01029107
900,680,0.045698307,0.050857242
920,680,0.04687437,0.01000181
940,680,0.00087362883,0.046746552
960,680,-0.037488904,-0.00010625346
980,680,-0.039242838,-0.03910811
0,700,0.10126557,0.04996202
20,700,-0.0046099946,-0.018093579
40,700,-0.22748002,-0.015813787
60,700,-0.012863579,0.005315752
80,700,0.016211346,0.0059804507
100,700,-0.03410468,0.08569987
120,700,0.01627814,0.0045078597
140,700,0.12759426,0.0770285
160,700,-0.020522963,-0.0054805465
180,700,-0.044239104,0.1277006
200,700,0.07186671,-0.05383966
220,700,-0.0029425388,0.0052313968
240,700,-0.0036650465,-0.0006142373
260,700,0.13329777,0.0030600918
280,700,-0.006056997,-0.0039510536
300,700,0.02217065,-0.08793471
320,700,0.0017472202,0.010032153
340,700,-0.01618105,-0.039236974
360,700,0.056026354,0.0046990192
380,700,-0.030184738,0.023227884
400,700,0.032688502,0.0940899
420,700,0.016107088,0.10864506
440,700,0.18146652,0.18752426
460,700,0.071674176,-0.011402008
480,700,0.0038190377,-0.061427906
500,700,-0.01276833,0.01909426
520,700,0.013016388,-0.04107068
540,700,0.004297496,0.040251866
560,700,0.18690024,0.13684677
580,700,0.11093053,0.10379255
600,700,0.0020956048,0.0008248293
620,700,2.7948913e-06,1.6026837e-07
640,700,-3.498489e-07,3.2203324e-08
660,700,-0.021347594,0.02244768
680,700,0.0051915706,0.006339994
700,700,-0.023133988,-0.024141256
720,700,0.0053414954,0.20994747
740,700,-0.0033109882,0.20735298
760,700,-0.030728979,0.000649589
780,700,0.00881792,0.04246178
800,700,0.02394221,-0.0017788276
820,700,0.012230031,0.022394612
840,700,-0.0155828195,0.0024840224
860,700,-0.015178473,0.005974036
880,700,-0.008348161,0.02612383
900,700,0.011797164,0.01738782
920,700,-0.012701827,-0.030734545
940,700,0.07203479,-0.089205615
960,700,-0.031892706,0.16290252
980,700,0.008524945,-0.16978468
0,720,-0.20281363,0.08275069
20,720,0.026253091,0.0035379722
40,720,0.16565284,-0.06545525
60,720,-0.05055812,-0.0071948785
80,720,0.0032578683,0.061769396
100,720,0.07219227,-0.007271171
120,720,0.011935742,0.036205884
140,720,-0.09323726,0.032127988
160,720,-0.11343345,-0.024615183
180,720,-0.005692392,0.062251568
200,720,-0.052162495,0.053111833
220,720,-0.0065760766,0.036802344
240,720,0.032812346,-0.00928618
260,720,-0.008754867,-0.00040269934
280,720,-0.019387837,0.045627415
300,720,-0.045942977,-0.032477416
320,720,-0.0074547627,0.0317279
340,720,0.08831639,-0.009411419
360,720,-0.037629392,0.03659723
380,720,0.18286799,0.016494805
400,720,0.05104946,0.026457215
420,720,0.03613736,-0.2659389
440,720,0.103203036,0.56666446
460,720,0.009867305,-0.03830698
480,720,-0.096454166,0.01977639
500,720,-0.07075932,-0.02854801
520,720,-0.011123119,0.012322964
540,720,0.038834415,-0.003764765
560,720,-0.016739057,-0.026621357
580,720,-0.088072754,0.050934333
600,720,0.040609404,-0.19564925
620,720,5.6145385e-05,-1.6855686e-06
640,720,-5.4331437e-08,-9.633954e-08
660,720,0.00020166919,-0.00016311277
680,720,2.1211925e-08,6.5501244e-09
700,720,5.316217e-05,-5.509728e-05
720,720,2.908631e-05,0.00010477954
740,720,0.055205412,0.050024237
760,720,-0.0024700195,9.383529e-05
780,720,-0.0012351839,-0.0020186938
800,720,-0.058367122,0.044088908
820,720,-0.037597697,-0.01060261
840,720,0.08716972,0.013688049
860,720,-0.095863245,0.02992793
880,720,-0.034594867,-0.008729142
900,720,-0.013240203,-0.03243892
920,720,0.000240108,0.037084755
940,720,0.019588232,-0.026372114
960,720,-0.08519657,-0.027391078
980,720,-0.046944186,-0.050740533
0,740,-0.011450259,0.049726337
20,740,0.004570374,-0.101934016
40,740,-4.018083e-06,-0.018168092
60,740,-0.05589709,0.0288338
80,740,0.034675576,0.09699958
100,740,0.03869988,-0.0030293495
120,740,-0.14052947,0.01786341
140,740,0.029937863,-0.007395544
160,740,0.11329429,-0.015013462
180,740,0.00036154318,0.03077963
200,740,0.09593934,0.030640706
220,740,-0.0132490145,-0.019708872
240,740,-0.047037736,-0.0013602416
260,740,-0.16085206,-0.046561785
280,740,-0.10748693,0.18134017
300,740,-0.2856997,-0.06797134
320,740,-0.07632803,-0.009134928
340,740,-0.0866307,0.015118134
360,740,-0.13323489,0.36907023
380,740,-0.008834604,-0.004313852
400,740,0.0142533425,0.08247677
420,740,0.5203991,0.027476057
440,740,0.14663242,0.12197548
460,740,-0.039875485,-0.18038972
480,740,-0.025178768,0.005156621
500,740,-0.019244261,0.017998882
520,740,0.04448845,-0.008857796
540,740,0.11188015,0.12998578
560,740,-0.0024109867,-0.04987343
580,740,0.019438775,0.18272193
600,740,0.01802067,0.07910211
620,740,-0.22375019,-0.27152088
640,740,-4.962963e-07,-3.149863e-05
660,740,-6.16902e-07,-5.625166e-07
680,740,1.1071694e-08,-9.147709e-10
700,740,1.0097389e-07,-3.8624785e-07
720,740,1.6353091e-07,1.1154134e-06
740,740,-1.0663e-05,2.4422337e-05
760,740,0.0010394822,0.00039694758
780,740,0.083874695,0.060922265
800,740,0.0001368778,6.0763534e-07
820,740,-0.026080383,-0.02919444
840,740,-0.11765599,0.04136521
860,740,0.042181417,-0.01225961
880,740,0.028351484,0.043135434
900,740,0.088128805,-0.00796016
920,740,-0.027310284,-0.008422529
940,740,-0.107601926,0.16332519
960,740,-0.054508522,0.017885262
980,740,-0.012051685,-0.00047381243
0,760,0.07798833,0.066924244
20,760,-0.007629213,0.0073562684
40,760,0.011035929,0.0016169529
60,760,-0.006001623,0.023266114
80,760,-0.041865747,0.06350551
100,760,0.0048078806,0.019257257
120,760,-0.008265817,-0.058464114
140,760,-0.0058047636,-0.04299333
160,760,-0.041128695,-0.01804917
180,760,-0.012609434,0.024951298
200,760,0.13358758,0.08323104
220,760,0.033256594,-0.09101001
240,760,-0.008819592,-0.10289749
260,760,0.035571594,-0.102512695
280,760,1.4657063e-07,-3.9919804e-08
300,760,0.0017622217,-0.002232396
320,760,-4.7627433e-05,-0.0032886914
340,760,-0.22313689,-0.08875035
360,760,-0.08551665,0.20284633
380,760,-0.0016934843,0.13913086
400,760,0.35413313,-0.07133097
420,760,2.4369156,-3.1589327
440,760,-0.30813116,-1.8420925
460,760,-0.05359633,-0.38592815
480,760,-0.2044265,-0.04821195
500,760,-0.040872358,0.12282525
520,760,-0.040563393,-0.004604198
540,760,0.034527868,-0.029126354
560,760,0.030187404,0.03996028
580,760,0.06195399,0.059524436
600,760,0.057167634,0.032109097
620,760,-0.48351586,0.0075100367
640,760,-0.0068825064,-0.03019411
660,760,0.0012492224,2.3069433e-06
680,760,0.0034750467,-0.01867079
700,760,0.0031071936,0.0007696146
720,760,-5.3589503e-08,-6.330357e-08
740,760,-0.001924457,-0.00035013488
760,760,0.16868672,0.25249976
780,760,-0.106739536,-0.07954727
800,760,-3.4020875e-06,-5.4613242e-06
820,760,2.0792655e-05,-7.3442566e-06
840,760,-0.018693779,-0.00618918
860,760,0.0903308,0.18304336
880,760,-0.021806406,0.016581923
900,760,0.019378472,-0.017337807
920,760,0.06649296,0.015955176
940,760,0.06325412,-0.021402253
960,760,-0.022028778,0.027494125
980,760,-0.024492923,-0.023945298
0,780,0.025730085,-0.028082939
20,780,-0.08609403,0.005422187
40,780,0.07182493,-0.03456934
60,780,0.07174142,-0.030938575
80,780,-0.04092211,-0.01576886
100,780,-0.05191976,0.025996445
120,780,0.04333244,0.18447608
140,780,0.014009264,-0.06043184
160,780,-0.052644625,-0.030162862
180,780,-0.022218844,0.022807598
200,780,-0.0034965666,0.0035663391
220,780,-0.021033457,0.026804432
240,780,0.013124219,0.015306109
260,780,-0.014995435,0.006807906
280,780,-0.00012015519,-0.00070397346
300,780,0.019174598,0.014627018
320,780,0.0009489752,-0.008683245
340,780,-0.05533029,0.4242108
360,780,-0.016432434,-0.047246184
380,780,-0.07684107,0.01357833
400,780,0.8945859,0.029302271
420,780,2.1023445,-2.2334576
440,780,0.69417435,0.7282647
460,780,-0.4860497,-0.42075315
480,780,-0.12881011,0.047874946
500,780,-0.06547423,0.07175511
520,780,-0.08565949,0.036867514
540,780,0.0015295297,0.004841326
560,780,0.07284297,-0.0010059725
580,780,-0.18366884,0.035060592
600,780,-0.045900904,0.031595223
620,780,0.0037096473,-0.0959632
640,780,0.093080044,-0.10970747
660,780,-0.0029930756,-0.005773137
680,780,0.010720426,-0.00982561
700,780,4.1585154e-05,-7.358985e-05
720,780,-9.222219e-09,-1.5560907e-08
740,780,-2.892368e-05,-3.8784554e-05
760,780,0.0002367155,0.0005661233
780,780,-0.000911253,0.0018757599
800,780,-2.0678037e-06,-9.220644e-07
820,780,-1.6469478e-06,-1.2562194e-06
840,780,-3.314236e-06,-3.3231736e-06
860,780,-0.00010600448,-0.00024927093
880,780,-0.01069859,-0.0147142215
900,780,7.336708e-05,-0.0066971313
920,780,0.015936948,0.015903894
940,780,0.028603943,0.02890226
960,780,0.071489654,0.060087252
980,780,-0.0059585683,-0.00038947762
0,800,-0.18965636,0.20084445
20,800,-0.03277503,0.05581022
40,800,-0.009852538,0.013219995
60,800,-0.08824811,-0.046565846
80,800,-0.0077456045,0.013193195
100,800,0.013712145,0.0007846049
120,800,0.028406594,0.02512437
140,800,0.022900414,-0.0047593964
160,800,-0.03437151,-0.02119338
180,800,0.083259225,0.0018743575
200,800,0.0041017104,-0.15479316
220,800,-0.008734946,-0.053664222
240,800,-0.08107804,0.068125315
260,800,-0.004242886,0.007482702
280,800,0.00045975563,1.2424376e-05
300,800,0.0006139238,-0.0015352098
320,800,0.0006249564,0.00026863383
340,800,-0.23251805,0.034193195
360,800,-0.03959917,0.0029656496
380,800,0.016393075,0.11848017
400,800,0.1564816,0.27426255
420,800,0.2247109,-0.43712702
440,800,0.33769402,0.12998214
460,800,-0.3293675,0.35290244
480,800,-0.025306974,-0.40157887
500,800,-0.07124463,0.0148792295
520,800,-0.030681884,0.026601957
540,800,0.037144918,-0.0007950035
560,800,-0.05789531,0.034362268
580,800,-0.024207808,-0.108707085
600,800,-0.14226809,-0.003922565
620,800,0.097193435,0.0016983625
640,800,0.028280254,-0.056917947
660,800,0.0001971258,-0.00032895253
680,800,-3.9827273e-06,-6.013802e-06
700,800,0.006227612,-0.0132934
720,800,0.010394335,-0.002199117
740,800,0.00046934126,-0.00035196473
760,800,-0.0003601545,0.002220585
780,800,1.0781985e-08,3.0328224e-09
800,800,-1.4146901e-08,7.0148722e-09
820,800,-1.1610615e-07,-1.1680429e-07
840,800,-1.01864856e-07,-2.5763072e-07
860,800,-0.17439319,-0.1620352
880,800,0.027042793,-0.018825475
900,800,0.00018153204,-0.0014908307
920,800,0.016657667,0.013776613
940,800,-0.1827134,-0.033097968
960,800,-0.07911669,-0.01112606
980,800,0.008119965,-0.021634059
0,820,0.093435474,0.10656454
20,820,0.00406005,0.071248345
40,820,-0.14726186,0.007941068
60,820,0.017028246,-0.02654791
80,820,0.02621395,-0.01782133
100,820,0.043029007,0.013651358
120,820,-0.04897079,-0.05148792
140,820,0.02627718,-0.07828757
160,820,-0.0331433,-0.06779174
180,820,0.0058145258,-0.052552287
200,820,0.014288376,0.00018831136
220,820,-0.054608833,-0.0063208602
240,820,0.03851244,-0.012033185
260,820,-0.10171286,-0.019142445
280,820,-0.00012482498,-0.0012606658
300,820,0.0018437356,-0.003189517
320,820,-2.5562717e-06,-2.240646e-06
340,820,-0.031087901,-0.1102808
360,820,-0.15157051,0.01872783
380,820,-0.040204503,0.13632295
400,820,0.2554861,0.23998618
420,820,0.11178226,0.2006822
440,820,-0.28746614,-0.19255093
460,820,-0.42963478,1.6252161
480,820,0.8767853,0.5278212
500,820,-0.05255478,0.020654866
520,820,-0.0040482148,0.015949685
540,820,-0.006875258,0.013193625
560,820,0.028535064,0.0016108413
580,820,0.006463049,-0.0033690303
600,820,-1.4762729e-05,3.3683389e-06
620,820,-0.0524697,0.008365108
640,820,-0.0008686083,0.0123327905
660,820,-0.060341865,0.21657921
680,820,-0.0057121497,-0.03694771
700,820,0.026248606,0.009720789
720,820,-0.00257257,-0.04931636
740,820,0.00040011763,0.00028146995
760,820,3.3769058e-05,0.00011061324
780,820,1.4889694e-08,3.3151277e-08
800,820,-2.8988194e-05,1.9474291e-07
820,820,-0.000204887,-0.00028160648
840,820,0.0011119251,-0.0004655841
860,820,0.002863449,0.07497059
880,820,-9.084857e-05,6.391082e-05
900,820,-1.432808e-06,-5.2858417e-07
920,820,-7.565502e-07,7.126006e-08
940,820,-3.737018e-06,1.2461252e-06
960,820,0.019819377,0.042218935
980,820,-0.009813597,-0.04522433
0,840,0.03672173,0.011248538
20,840,0.05471419,0.022883067
40,840,0.00028141725,0.004086354
60,840,0.027826842,-0.11389321
80,840,0.0476724,-0.047542844
100,840,0.030810656,-0.022625718
120,840,-0.0309036,-0.020317934
140,840,-0.10906868,0.004600293
160,840,-0.013551958,-0.029240808
180,840,0.009500643,0.07365945
200,840,0.04390698,0.012821201
220,840,0.016504953,-0.010354446
240,840,-0.079297,-0.044688154
260,840,0.07979912,-0.00013225355
280,840,-0.010274203,0.03268624
300,840,-0.06781382,0.1659672
320,840,-0.03459545,0.012765191
340,840,-0.021743322,0.18543112
360,840,-1.7110039,-0.65212405
380,840,-0.13430154,0.24429655
400,840,-0.043750033,0.18898225
420,840,-0.3870162,0.7113462
440,840,0.8945629,-0.1649877
460,840,0.28527302,1.340553
480,840,0.16070953,0.32276705
500,840,0.022748081,0.10671501
520,840,0.0030524018,0.0025142748
540,840,0.0659889,-0.057169564
560,840,-0.017074613,-0.007735906
580,840,0.04538575,0.0010392648
600,840,-0.033276595,0.09613259
620,840,-0.057132907,-0.04165132
640,840,0.0102152545,-0.105429254
660,840,-0.13917144,-0.027537351
680,840,-0.18781026,-0.14691722
700,840,0.051388092,-0.03140708
720,840,0.0026004575,-0.01274121
740,840,-9.426683e-05,0.000117274714
760,840,1.5818818e-08,6.457059e-08
780,840,-3.875703e-05,-5.2813793e-05
800,840,0.00031064101,-0.00059912336
820,840,-0.001970305,0.0021920116
840,840,0.0017355458,0.006215602
860,840,-0.002842207,0.0034147485
880,840,3.9531123e-08,-1.6459109e-07
900,840,-7.5961236e-07,-1.12221976e-07
920,840,2.6521295e-08,-1.2079369e-07
940,840,-1.5500841e-07,-2.9256123e-08
960,840,-1.266052e-07,-3.1837185e-08
980,840,-0.0017668374,0.0005500302
0,860,0.07722054,0.031349167
20,860,-0.046730846,-0.0031955517
40,860,0.005841954,-0.016013937
60,860,-0.09046927,0.03605354
80,860,-0.019288875,-0.041065574
100,860,0.1513324,-0.0785768
120,860,-0.19443792,0.020629242
140,860,0.10062131,0.028896034
160,860,0.0028208084,-0.0045649223
180,860,-0.01101351,0.122822605
200,860,0.019979803,0.02424193
220,860,-0.03387935,-0.0014637493
240,860,-0.079908244,-0.009104533
260,860,0.07501918,-0.04571128
280,860,0.023660421,0.0024165006
300,860,0.057159223,0.02136662
320,860,-0.054393493,0.09024957
340,860,-0.001139919,0.039795246
360,860,0.07206004,0.08984116
380,860,-0.16013046,-0.1334937
400,860,-0.019882582,0.18313204
420,860,-0.14207561,0.6264443
440,860,-0.20598148,0.62164587
460,860,-0.38236737,0.397549
480,860,0.15081033,0.045232385
500,860,0.028642535,-0.008497172
520,860,-0.040498935,0.008819267
540,860,0.09284674,0.01643568
560,860,0.027905487,0.1385471
580,860,-0.09588175,-0.0493842
600,860,-0.03727885,0.012016125
620,860,-0.054889895,0.0069064354
640,860,-0.027328385,0.0142532345
660,860,-0.088362865,-0.19376141
680,860,-0.020190818,0.15841155
700,860,0.0013657756,0.10575813
720,860,0.011735361,-0.0010126898
740,860,-5.473914e-07,-6.5088204e-07
760,860,-3.663858e-11,5.850693e-08
780,860,0.0010614345,0.0031122435
800,860,0.0015746214,0.0004237289
820,860,0.0011376655,-0.0005195358
840,860,-9.325491e-06,-1.1763612e-05
860,860,-4.8092628e-09,-1.4080896e-11
880,860,-1.443511e-07,-4.0167283e-09
900,860,0.0013042506,-0.002070727
920,860,-6.939198e-05,0.00058655045
940,860,-5.593841e-08,-2.7325828e-09
960,860,6.9052376e-08,2.39586e-08
980,860,-1.5300745e-06,1.6821564e-06
0,880,0.2313893,-0.02013704
20,880,0.0008399515,0.02217502
40,880,0.015503151,-0.05123281
60,880,0.008620073,0.026498001
80,880,0.0014639951,-0.026577702
100,880,0.003143085,-0.012813292
120,880,0.035847288,0.084242515
140,880,-0.044758677,0.0016684354
160,880,-0.1296927,0.02928881
180,880,0.006381815,-0.03548468
200,880,0.099094726,0.22297
220,880,0.082660116,0.05499084
240,880,0.052050963,0.013419231
260,880,-0.14853269,0.062304635
280,880,0.06963583,0.042372618
300,880,0.020983227,-0.0015447282
320,880,0.035844173,0.013183539
340,880,0.004071664,-0.04927509
360,880,-0.08018893,0.022962939
380,880,0.045752093,0.13184352
400,880,0.34082398,-0.21189074
420,880,-0.24413425,0.8943736
440,880,-0.20573328,1.2799982
460,880,0.11546411,0.052376445
480,880,0.023940204,0.07718131
500,880,0.0073061762,0.04272469
520,880,0.021197233,0.058007166
540,880,0.05745229,0.02203965
560,880,-0.012515646,-0.032027293
580,880,-0.031018715,0.012489984
600,880,-0.011703371,0.018030917
620,880,-0.03325791,0.05212437
640,880,0.0029558383,-0.02945078
660,880,-0.0011183114,-0.05739614
680,880,-0.023681771,-0.083806194
700,880,0.029161459,0.0011548331
720,880,0.01791454,-0.03679639
740,880,-0.013003191,-0.0036345755
760,880,0.00030464065,-0.00022145762
780,880,-3.5364326e-07,-3.207827e-07
800,880,5.3721178e-05,-1.48764775e-05
820,880,-8.987029e-05,-2.826713e-05
840,880,-0.00092111225,0.0019112638
860,880,0.00024433923,0.0037697568
880,880,-4.8709655e-05,0.00011516537
900,880,-3.3412443e-06,1.9598588e-06
920,880,5.8875406e-07,5.496351e-07
940,880,-1.2781597e-07,1.5687997e-08
960,880,8.2573806e-08,1.45526595e-08
980,880,0.0016618104,-0.00035607725
0,900,-0.006515647,-0.02516304
20,900,-0.030547032,0.07879997
40,900,-0.07885908,0.030550282
60,900,-0.013797089,-0.006238156
80,900,-0.045403842,0.0022348212
100,900,-0.010621009,0.029640647
120,900,0.053857006,0.085675694
140,900,-0.00999243,0.0017944315
160,900,0.0005826904,-0.009455181
180,900,0.03912763,0.021051452
200,900,0.16478617,0.03975275
220,900,0.004211578,0.09450534
240,900,-0.009236901,-0.023205798
260,900,0.047576528,0.13369267
280,900,-0.06646189,0.025156736
300,900,-0.0042754263,0.07048503
320,900,0.05007414,-0.019945396
340,900,-0.2105259,0.12762329
360,900,-0.027282247,0.15986393
380,900,-0.067677386,0.29108036
400,900,-0.5745842,0.0731781
420,900,-0.94568616,1.2756279
440,900,-0.10680389,0.29578373
460,900,-0.15249039,0.025141176
480,900,0.046206504,0.16916053
500,900,0.07775513,0.30764684
520,900,0.05433903,-0.09641702
540,900,0.004310788,0.02775808
560,900,-0.06737728,0.027276412
580,900,-0.02232617,0.07686377
600,900,-0.01509146,0.12783115
620,900,0.022433743,-0.0024114526
640,900,-0.072849944,0.021483772
660,900,-0.023932986,-0.03680847
680,900,0.0016886233,-0.0071866587
700,900,0.02273152,0.32896557
720,900,0.013833068,0.09273362
740,900,0.031894345,0.08176398
760,900,-0.0041326443,-0.008817474
780,900,-2.1323025e-08,4.2610534e-08
800,900,-1.4342915e-08,3.705555e-08
820,900,4.8982187e-05,0.00014782873
840,900,2.1860882e-07,4.654829e-08
860,900,-0.0008126937,0.00056799164
880,900,0.00037919826,0.0007625191
900,900,1.8894273e-08,-1.5332944e-09
920,900,2.4150391e-05,5.2452888e-05
940,900,0.00063548825,-0.00282245
960,900,0.004394896,-0.0013301156
980,900,8.4170914e-08,-1.4604049e-07
0,920,0.05621714,-0.0960169
20,920,-0.15806179,0.013302428
40,920,0.0443437,-0.06369288
60,920,-0.02388282,0.025009846
80,920,-0.029636163,0.0009799802
100,920,-0.022630338,0.028215101
120,920,-0.016256059,0.0009250055
140,920,-0.025192581,0.009289472
160,920,-0.031873297,0.04117869
180,920,0.017214786,0.06012498
200,920,-0.08361336,0.003375846
220,920,0.17445648,0.03350389
240,920,0.0067352783,0.11994981
260,920,-0.17313819,0.17014419
280,920,0.033468787,0.042882714
300,920,0.02186185,-0.043132067
320,920,-0.014429517,-0.022481326
340,920,-0.06183398,0.14270636
360,920,0.11162486,-0.08027076
380,920,0.113202445,0.20223907
400,920,0.11289743,0.49404255
420,920,0.04418478,0.4839474
440,920,0.38823026,0.39949587
460,920,0.0815505,0.047276635
480,920,-0.14566283,0.30741447
500,920,-0.14305928,0.5019634
520,920,0.13520168,0.21148466
540,920,0.06886612,-0.05135291
560,920,-0.042407144,0.110375755
580,920,0.16935962,0.20144649
600,920,0.008870983,0.010152379
620,920,0.0001620303,-0.00037235147
640,920,0.0464781,0.014439534
660,920,0.04170218,0.3146292
680,920,-0.008218178,-0.07506586
700,920,-0.013401184,0.34638944
720,920,0.085989125,-0.29052064
740,920,0.0020130954,0.0018458609
760,920,-8.32404e-06,-1.1838554e-05
780,920,-9.821716e-07,-2.770364e-07
800,920,-8.58168e-08,-1.2338799e-08
820,920,-4.5045596e-08,-3.3540694e-08
840,920,-2.7168696e-08,-3.4724141e-09
860,920,7.4905415e-06,-1.1255176e-05
880,920,0.0028191123,5.6149594e-05
900,920,2.2149626e-08,-6.2998198e-09
920,920,-7.223308e-06,3.627605e-05
940,920,-5.533697e-05,0.00019901666
960,920,0.0007547511,0.00019149517
980,920,0.0025799465,-0.006279416
0,940,0.07261457,0.07846617
20,940,-0.1873089,0.19052005
40,940,0.029916156,0.036703292
60,940,-0.03195338,-0.066053815
80,940,-0.03717963,0.0045943335
100,940,-0.119704016,0.04096476
120,940,-0.027112477,0.0003094036
140,940,-0.016219663,-0.0327317
160,940,0.01342937,0.013040044
180,940,-8.862037e-05,-0.0009613506
200,940,-0.011244534,-0.026843794
220,940,-0.021884428,0.1954238
240,940,-0.33228096,0.4696695
260,940,-0.08436636,-0.041568846
280,940,-0.019334067,0.18945104
300,940,0.0031871942,-0.0011094038
320,940,-0.02635392,0.29427016
340,940,0.021254743,0.31723797
360,940,-0.0098415995,0.13285771
380,940,-0.3966852,0.28866425
400,940,-0.66338915,0.9325287
420,940,-0.064560086,0.45947203
440,940,0.17783427,0.38347852
460,940,0.14952946,0.20008533
480,940,0.4290064,0.5198261
500,940,0.07186412,0.69442743
520,940,0.23626624,0.14882608
540,940,-0.023073833,0.05972906
560,940,-0.03357648,0.04824018
580,940,0.0797839,-0.032198656
600,940,0.19096805,-0.15873721
620,940,0.016886625,-0.025469203
640,940,-0.08475573,0.06892807
660,940,0.010212056,0.0230801
680,940,-0.002714992,-0.052068908
700,940,0.026506595,-0.05649925
720,940,-0.008817223,0.12877128
740,940,-0.11947414,-0.10695395
760,940,-0.0038027007,-0.0054324116
780,940,-0.0123168435,-0.014836839
800,940,1.3369022e-07,-2.6587506e-06
820,940,-7.2790644e-05,8.331224e-06
840,940,-5.6694324e-07,-4.4710816e-08
860,940,6.114988e-05,0.00012030987
880,940,-0.00042323518,-2.5814996e-05
900,940,0.00012982126,-9.3751165e-05
920,940,-0.0039488287,0.001854594
940,940,0.0010900414,0.00024799738
960,940,2.31278e-08,2.8868599e-13
980,940,-0.0005266546,0.0021944903
0,960,-0.07847065,-0.021441253
20,960,-0.013948456,-0.012500781
40,960,0.0043543614,-0.09548857
60,960,-0.08838845,0.08472245
80,960,-0.005728594,0.012924459
100,960,-0.09747939,-0.14981781
120,960,-0.028295796,-0.0059097297
140,960,-0.030624924,0.047658514
160,960,-0.068983234,0.06632604
180,960,0.0060348865,0.005759944
200,960,0.03310027,-0.019100895
220,960,0.026554894,-0.051555444
240,960,-0.07146317,0.2766127
260,960,-0.20721085,0.29271963
280,960,-0.066173755,0.21348765
300,960,-0.010333876,0.013422748
320,960,0.009549481,0.11471804
340,960,0.0027741627,0.21240225
360,960,0.11169849,0.7345922
380,960,0.4239059,1.247256
400,960,0.012279183,0.09735346
420,960,0.00050804985,-0.05404626
440,960,0.040322814,0.0018853117
460,960,0.3024959,0.36252967
480,960,0.30418295,0.64777935
500,960,-0.08308801,1.2871407
520,960,0.25722948,0.9725059
540,960,-0.115821786,-0.0043921173
560,960,-0.0050143916,-0.15788352
580,960,-0.011283256,0.05730105
600,960,0.06416846,0.048573874
620,960,-0.07368682,0.018642854
640,960,-0.051521897,0.0194641
660,960,0.03182108,0.11406119
680,960,-0.06795909,-0.37182462
700,960,0.109242134,0.34875363
720,960,-0.021822197,-0.09629385
740,960,0.034031264,0.05524915
760,960,0.007458184,-0.00012874416
780,960,-0.059355523,-0.124782726
800,960,-0.002640869,-0.0036750748
820,960,-0.0036365956,0.0005835277
840,960,-0.00081168424,7.5670573e-06
860,960,0.0017200316,-0.0015653967
880,960,-0.0036381385,0.0042387447
900,960,-3.4846038e-05,0.0008572457
920,960,0.0002219118,1.4568297e-05
940,960,-0.0033282104,0.0032809142
960,960,-0.0014021471,-0.0012065665
980,960,-2.3587158e-05,0.00036236751
0,980,0.2071634,-0.044867933
20,980,-0.021743095,-0.13416958
40,980,0.087603964,0.049395055
60,980,0.061379176,-0.046736255
80,980,0.016263321,-0.020825563
100,980,-0.027114492,0.063842535
120,980,-0.06872101,-0.039035603
140,980,-0.076808594,0.16936989
160,980,0.01221936,-0.0008833957
180,980,-0.009154201,0.015855655
200,980,0.12233533,0.031250406
220,980,-0.004487981,0.071068004
240,980,-0.0606043,0.63632786
260,980,-0.011283911,0.04500449
280,980,-0.06573345,0.07192932
300,980,-0.1492231,-0.118762426
320,980,-0.018132156,0.023960197
340,980,-0.2837115,0.042265262
360,980,-0.26426816,0.9906964
380,980,0.6138314,1.6876527
400,980,0.3896811,0.279557
420,980,0.20089588,0.19668187
440,980,-0.02075999,0.06687281
460,980,-0.31161702,0.14619476
480,980,0.026392004,-0.06796461
500,980,0.1517693,1.0584825
520,980,0.51214635,1.7524695
540,980,-0.054432686,0.29256937
560,980,-0.023723656,-0.03651535
580,980,-0.06309196,-0.05111252
600,980,-0.015392325,0.07088067
620,980,0.029665073,0.00931303
640,980,-0.091162294,0.025893321
660,980,0.013347569,-0.015105176
680,980,0.015397728,-0.03234058
700,980,-0.032914564,-1.7013906
720,980,0.0074292324,0.12778226
740,980,0.018057033,0.09333729
760,980,0.028392559,-0.010001773
780,980,0.0014250153,-0.010768876
800,980,0.040220898,0.079365015
820,980,0.0048296936,0.0057605803
840,980,-2.4960003e-05,-8.503164e-06
860,980,8.976658e-07,-3.20938e-07
880,980,-1.4816856e-06,1.0350422e-05
900,980,1.428818e-05,-7.089759e-05
920,980,5.445802e-07,7.9553695e-07
940,980,-0.00015508698,0.00019254979
960,980,-0.0010664407,0.0030872114
980,980,0.00035559025,-0.0007737806
